Date,Open,High,Low,Close,Adj Close,Volume
2015-07-28,10.0,10.0,9.5,9.5,9.367749214172363,43685
2015-07-29,9.050000190734863,9.050000190734863,9.050000190734863,9.050000190734863,8.9240140914917,3645
2015-07-30,8.600000381469727,8.600000381469727,8.600000381469727,8.600000381469727,8.480278968811035,11187
2015-07-31,8.199999809265137,8.199999809265137,8.199999809265137,8.199999809265137,8.085846900939941,1805
2015-08-03,7.800000190734863,7.800000190734863,7.800000190734863,7.800000190734863,7.691415309906006,20596
2015-08-04,7.449999809265137,7.449999809265137,7.449999809265137,7.449999809265137,7.346287250518799,3490
2015-08-05,7.099999904632568,7.099999904632568,7.099999904632568,7.099999904632568,7.00115966796875,13125
2015-08-06,6.75,6.75,6.75,6.75,6.656032085418701,1505
2015-08-07,6.449999809265137,6.449999809265137,6.449999809265137,6.449999809265137,6.360208511352539,42548
2015-08-10,6.199999809265137,6.75,6.150000095367432,6.75,6.656032085418701,173131
2015-08-11,8.100000381469727,8.100000381469727,8.0,8.100000381469727,7.987239360809326,60701
2015-08-12,9.649999618530273,9.699999809265137,9.050000190734863,9.699999809265137,9.564964294433594,173165
2015-08-13,10.649999618530273,10.649999618530273,10.649999618530273,10.649999618530273,10.501739501953125,134049
2015-08-14,11.699999809265137,11.699999809265137,11.699999809265137,11.699999809265137,11.53712272644043,174776
2015-08-17,12.850000381469727,12.850000381469727,10.699999809265137,12.600000381469727,12.424593925476074,476936
2015-08-18,13.149999618530273,13.149999618530273,12.0,12.0,11.83294677734375,414567
2015-08-19,11.399999618530273,12.449999809265137,11.399999618530273,11.399999618530273,11.24129867553711,189344
2015-08-20,10.850000381469727,11.149999618530273,10.850000381469727,10.850000381469727,10.698955535888672,46017
2015-08-21,10.949999809265137,10.949999809265137,10.350000381469727,10.350000381469727,10.205916404724121,18543
2015-08-24,9.850000381469727,9.850000381469727,9.850000381469727,9.850000381469727,9.71287727355957,8280
2015-08-25,9.399999618530273,9.399999618530273,9.399999618530273,9.399999618530273,9.26914119720459,6339
2015-08-26,8.949999809265137,8.949999809265137,8.949999809265137,8.949999809265137,8.82540512084961,2458
2015-08-27,8.550000190734863,8.550000190734863,8.550000190734863,8.550000190734863,8.430974006652832,16010
2015-08-28,8.149999618530273,8.850000381469727,8.149999618530273,8.149999618530273,8.036541938781738,177081
2015-08-31,7.75,7.75,7.75,7.75,7.642111301422119,51793
2015-09-01,7.400000095367432,7.5,7.400000095367432,7.400000095367432,7.29698371887207,30840
2015-09-02,7.050000190734863,7.050000190734863,7.050000190734863,7.050000190734863,6.9518561363220215,12137
2015-09-03,6.699999809265137,7.400000095367432,6.699999809265137,6.699999809265137,6.6067280769348145,492082
2015-09-04,6.650000095367432,6.650000095367432,6.400000095367432,6.400000095367432,6.3109049797058105,35828
2015-09-07,6.099999904632568,6.699999809265137,6.099999904632568,6.099999904632568,6.01508092880249,159675
2015-09-08,5.900000095367432,6.099999904632568,5.800000190734863,5.949999809265137,5.86716890335083,70801
2015-09-09,5.699999809265137,6.199999809265137,5.699999809265137,5.699999809265137,5.620649337768555,211233
2015-09-10,5.699999809265137,5.699999809265137,5.449999809265137,5.449999809265137,5.374129772186279,86498
2015-09-11,5.400000095367432,5.699999809265137,5.199999809265137,5.699999809265137,5.620649337768555,146275
2015-09-14,5.949999809265137,5.949999809265137,5.949999809265137,5.949999809265137,5.86716890335083,259
2015-09-15,6.199999809265137,6.199999809265137,6.199999809265137,6.199999809265137,6.113688945770264,1959
2015-09-16,6.5,6.5,6.5,6.5,6.409512519836426,6719
2015-09-18,6.800000190734863,6.800000190734863,6.800000190734863,6.800000190734863,6.705336570739746,1986
2015-09-21,7.099999904632568,7.099999904632568,7.099999904632568,7.099999904632568,7.00115966796875,16492
2015-09-22,7.449999809265137,7.449999809265137,7.449999809265137,7.449999809265137,7.346287250518799,1490
2015-09-23,7.800000190734863,7.800000190734863,7.800000190734863,7.800000190734863,7.691415309906006,15120
2015-09-24,8.149999618530273,8.149999618530273,8.149999618530273,8.149999618530273,8.036541938781738,208
2015-09-28,8.550000190734863,8.550000190734863,8.550000190734863,8.550000190734863,8.430974006652832,1003
2015-09-29,8.949999809265137,8.949999809265137,8.949999809265137,8.949999809265137,8.82540512084961,844
2015-09-30,9.350000381469727,9.350000381469727,9.350000381469727,9.350000381469727,9.21983814239502,509
2015-10-01,9.800000190734863,9.800000190734863,9.800000190734863,9.800000190734863,9.663573265075684,13797
2015-10-05,10.199999809265137,10.25,9.350000381469727,9.449999809265137,9.318445205688477,126607
2015-10-06,9.800000190734863,9.800000190734863,9.0,9.0,8.874710083007812,82550
2015-10-07,9.399999618530273,9.399999618530273,8.800000190734863,9.100000381469727,8.973318099975586,18446
2015-10-08,9.100000381469727,9.399999618530273,8.699999809265137,9.050000190734863,8.9240140914917,27413
2015-10-09,8.800000190734863,9.350000381469727,8.800000190734863,8.850000381469727,8.726798057556152,17604
2015-10-12,8.5,9.149999618530273,8.5,8.800000190734863,8.677494049072266,15175
2015-10-13,8.649999618530273,8.649999618530273,8.399999618530273,8.5,8.381669998168945,16515
2015-10-14,8.399999618530273,8.399999618530273,8.100000381469727,8.100000381469727,7.987239360809326,45460
2015-10-15,7.699999809265137,7.849999904632568,7.699999809265137,7.699999809265137,7.592806816101074,19879
2015-10-16,7.849999904632568,7.849999904632568,7.349999904632568,7.650000095367432,7.543503284454346,53207
2015-10-19,7.75,7.75,7.050000190734863,7.75,7.642111301422119,22283
2015-10-20,7.949999809265137,8.100000381469727,7.949999809265137,8.100000381469727,7.987239360809326,2635
2015-10-21,8.350000381469727,8.5,8.350000381469727,8.5,8.381669998168945,6778
2015-10-23,8.899999618530273,8.899999618530273,8.899999618530273,8.899999618530273,8.776101112365723,3774
2015-10-26,9.300000190734863,9.300000190734863,9.300000190734863,9.300000190734863,9.170533180236816,9578
2015-10-27,9.75,9.75,9.100000381469727,9.350000381469727,9.21983814239502,34564
2015-10-28,9.75,9.75,8.899999618530273,9.0,8.874710083007812,23759
2015-10-29,8.899999618530273,9.449999809265137,8.899999618530273,9.449999809265137,9.318445205688477,22173
2015-10-30,9.399999618530273,9.899999618530273,9.399999618530273,9.5,9.367749214172363,28840
2015-11-02,9.5,9.899999618530273,9.050000190734863,9.050000190734863,8.9240140914917,33108
2015-11-03,9.300000190734863,9.5,8.75,9.449999809265137,9.318445205688477,24940
2015-11-04,9.350000381469727,9.649999618530273,9.100000381469727,9.199999809265137,9.071925163269043,5607
2015-11-05,9.0,9.050000190734863,8.75,8.800000190734863,8.677494049072266,7200
2015-11-06,9.25,9.550000190734863,8.25,9.149999618530273,9.022621154785156,14737
2015-11-09,8.899999618530273,9.0,8.25,8.300000190734863,8.184454917907715,22867
2015-11-10,8.75,8.75,8.050000190734863,8.449999809265137,8.332365989685059,3942
2015-11-13,7.849999904632568,8.600000381469727,7.849999904632568,8.0,7.8886308670043945,13954
2015-11-16,7.5,8.5,7.5,8.0,7.8886308670043945,15513
2015-11-17,8.25,8.25,7.900000095367432,8.100000381469727,7.987239360809326,4730
2015-11-18,7.599999904632568,8.100000381469727,7.599999904632568,7.75,7.642111301422119,19923
2015-11-19,7.75,8.300000190734863,7.75,7.949999809265137,7.839326858520508,4965
2015-11-20,8.300000190734863,8.699999809265137,7.949999809265137,8.0,7.8886308670043945,15782
2015-11-23,8.699999809265137,8.800000190734863,7.900000095367432,7.949999809265137,7.839326858520508,9260
2015-11-24,7.349999904632568,8.449999809265137,7.349999904632568,7.949999809265137,7.839326858520508,11550
2015-11-26,7.650000095367432,8.399999618530273,7.650000095367432,7.849999904632568,7.740718841552734,5480
2015-11-27,7.599999904632568,8.25,7.599999904632568,8.199999809265137,8.085846900939941,18242
2015-11-30,8.600000381469727,8.600000381469727,7.75,7.800000190734863,7.691415309906006,14984
2015-12-01,8.050000190734863,8.350000381469727,7.699999809265137,8.0,7.8886308670043945,14422
2015-12-02,7.75,8.0,7.650000095367432,7.800000190734863,7.691415309906006,7288
2015-12-03,8.100000381469727,8.100000381469727,7.849999904632568,7.849999904632568,7.740718841552734,10838
2015-12-04,7.599999904632568,8.199999809265137,7.349999904632568,8.149999618530273,8.036541938781738,17255
2015-12-07,7.75,8.050000190734863,7.75,8.050000190734863,7.937934875488281,6548
2015-12-08,7.900000095367432,8.350000381469727,7.900000095367432,8.0,7.8886308670043945,7765
2015-12-09,8.0,8.0,7.550000190734863,7.550000190734863,7.4448957443237305,7785
2015-12-10,7.150000095367432,8.0,7.150000095367432,7.949999809265137,7.839326858520508,1110
2015-12-11,8.350000381469727,8.5,7.650000095367432,7.650000095367432,7.543503284454346,12571
2015-12-14,7.25,8.149999618530273,7.25,8.0,7.8886308670043945,5239
2015-12-15,8.25,8.25,7.699999809265137,7.699999809265137,7.592806816101074,10308
2015-12-16,7.550000190734863,8.149999618530273,7.550000190734863,8.0,7.8886308670043945,3661
2015-12-17,7.599999904632568,8.149999618530273,7.599999904632568,7.949999809265137,7.839326858520508,2974
2015-12-18,7.800000190734863,8.100000381469727,7.199999809265137,7.75,7.642111301422119,2860
2015-12-21,8.100000381469727,8.149999618530273,7.5,7.699999809265137,7.592806816101074,10505
2015-12-22,7.900000095367432,8.0,7.5,7.550000190734863,7.4448957443237305,29118
2015-12-23,7.550000190734863,7.800000190734863,7.5,7.5,7.3955912590026855,21423
2015-12-24,7.550000190734863,7.75,7.5,7.75,7.642111301422119,3301
2015-12-28,7.5,7.75,7.0,7.699999809265137,7.592806816101074,6723
2015-12-29,7.5,7.699999809265137,7.099999904632568,7.699999809265137,7.592806816101074,22232
2015-12-30,7.75,8.050000190734863,7.550000190734863,7.75,7.642111301422119,39368
2015-12-31,7.599999904632568,7.599999904632568,7.449999809265137,7.449999809265137,7.346287250518799,24440
2016-01-01,7.400000095367432,7.5,7.300000190734863,7.349999904632568,7.247679710388184,76409
2016-01-04,7.5,7.699999809265137,7.400000095367432,7.5,7.3955912590026855,75344
2016-01-05,7.75,7.75,7.400000095367432,7.599999904632568,7.494199275970459,9105
2016-01-06,7.75,7.75,7.400000095367432,7.400000095367432,7.29698371887207,33884
2016-01-07,7.5,7.5,7.050000190734863,7.099999904632568,7.00115966796875,22536
2016-01-08,7.199999809265137,7.349999904632568,7.150000095367432,7.349999904632568,7.247679710388184,32163
2016-01-11,8.5,8.800000190734863,7.349999904632568,7.5,7.3955912590026855,13302
2016-01-12,7.5,7.699999809265137,7.099999904632568,7.25,7.14907169342041,60754
2016-01-13,7.0,7.400000095367432,6.199999809265137,6.900000095367432,6.803944110870361,69148
2016-01-14,7.0,7.0,6.400000095367432,6.75,6.656032085418701,49965
2016-01-15,6.75,7.0,6.650000095367432,6.849999904632568,6.754640102386475,26549
2016-01-18,6.849999904632568,6.900000095367432,6.400000095367432,6.599999904632568,6.508120536804199,10775
2016-01-19,6.150000095367432,7.0,6.150000095367432,7.0,6.902552127838135,5932
2016-01-20,7.0,7.0,6.550000190734863,6.949999809265137,6.85324764251709,12741
2016-01-21,6.699999809265137,6.949999809265137,6.300000190734863,6.5,6.409512519836426,15804
2016-01-22,6.25,6.25,5.25,5.599999904632568,5.522041320800781,333905
2016-01-25,5.800000190734863,6.25,5.699999809265137,5.900000095367432,5.817865371704102,32035
2016-01-27,5.849999904632568,6.0,5.75,5.949999809265137,5.86716890335083,3762
2016-01-28,6.199999809265137,6.75,5.75,5.949999809265137,5.86716890335083,44167
2016-01-29,6.099999904632568,6.099999904632568,6.0,6.050000190734863,5.965777397155762,6169
2016-02-01,6.0,6.150000095367432,5.849999904632568,5.849999904632568,5.768561363220215,9068
2016-02-02,6.099999904632568,6.150000095367432,5.699999809265137,6.099999904632568,6.01508092880249,6355
2016-02-03,6.099999904632568,6.099999904632568,5.800000190734863,5.900000095367432,5.817865371704102,17389
2016-02-04,6.199999809265137,6.199999809265137,5.75,5.75,5.669953346252441,29129
2016-02-05,6.099999904632568,6.099999904632568,5.800000190734863,5.849999904632568,5.768561363220215,4086
2016-02-08,6.5,6.5,5.5,6.0,5.916473388671875,10935
2016-02-09,6.199999809265137,6.199999809265137,5.800000190734863,5.800000190734863,5.719257354736328,12949
2016-02-10,6.150000095367432,6.150000095367432,5.550000190734863,5.550000190734863,5.472737789154053,4527
2016-02-11,6.199999809265137,6.199999809265137,4.900000095367432,5.0,4.930394172668457,44548
2016-02-12,5.900000095367432,5.900000095367432,4.800000190734863,5.400000095367432,5.324825763702393,11027
2016-02-15,5.900000095367432,5.900000095367432,5.449999809265137,5.5,5.423433780670166,528
2016-02-16,5.199999809265137,5.699999809265137,5.099999904632568,5.449999809265137,5.374129772186279,2544
2016-02-17,5.699999809265137,5.699999809265137,5.0,5.699999809265137,5.620649337768555,4284
2016-02-18,5.900000095367432,5.900000095367432,5.0,5.25,5.176914215087891,15752
2016-02-19,5.150000095367432,5.650000095367432,5.099999904632568,5.449999809265137,5.374129772186279,17301
2016-02-22,5.75,5.75,5.050000190734863,5.050000190734863,4.979698657989502,2811
2016-02-23,5.599999904632568,5.599999904632568,5.0,5.199999809265137,5.127609729766846,6202
2016-02-24,4.5,5.25,4.5,5.150000095367432,5.078306198120117,22582
2016-02-25,5.5,5.5,4.650000095367432,5.199999809265137,5.127609729766846,2227
2016-02-26,5.449999809265137,5.449999809265137,5.0,5.349999904632568,5.275521755218506,7127
2016-02-29,5.699999809265137,5.699999809265137,4.75,5.199999809265137,5.127609729766846,1936
2016-03-01,5.849999904632568,5.849999904632568,4.699999809265137,5.150000095367432,5.078306198120117,6538
2016-03-02,5.25,5.5,4.150000095367432,4.699999809265137,4.634570598602295,82716
2016-03-03,4.699999809265137,5.300000190734863,4.699999809265137,5.099999904632568,5.0290021896362305,14332
2016-03-04,5.400000095367432,5.5,5.25,5.349999904632568,5.275521755218506,9761
2016-03-08,4.900000095367432,5.599999904632568,4.900000095367432,5.300000190734863,5.226218223571777,434560
2016-03-09,5.75,5.75,5.0,5.25,5.176914215087891,16428
2016-03-10,5.449999809265137,5.449999809265137,5.099999904632568,5.25,5.176914215087891,10818
2016-03-11,5.400000095367432,5.449999809265137,5.300000190734863,5.400000095367432,5.324825763702393,18851
2016-03-14,5.5,5.5,5.199999809265137,5.25,5.176914215087891,1410
2016-03-15,5.400000095367432,5.449999809265137,5.199999809265137,5.449999809265137,5.374129772186279,1107
2016-03-16,5.5,5.5,5.150000095367432,5.400000095367432,5.324825763702393,5102
2016-03-17,5.400000095367432,5.449999809265137,5.199999809265137,5.349999904632568,5.275521755218506,12707
2016-03-18,5.050000190734863,5.400000095367432,5.050000190734863,5.199999809265137,5.127609729766846,2140
2016-03-21,5.449999809265137,5.449999809265137,5.0,5.199999809265137,5.127609729766846,19002
2016-03-22,5.699999809265137,5.699999809265137,5.0,5.099999904632568,5.0290021896362305,9619
2016-03-23,5.349999904632568,5.400000095367432,5.150000095367432,5.349999904632568,5.275521755218506,2010
2016-03-28,5.449999809265137,5.449999809265137,5.0,5.0,4.930394172668457,6405
2016-03-29,5.25,5.300000190734863,4.849999904632568,5.0,4.930394172668457,2447
2016-03-30,5.0,5.300000190734863,5.0,5.050000190734863,4.979698657989502,198
2016-03-31,5.900000095367432,5.900000095367432,5.0,5.150000095367432,5.078306198120117,2044
2016-04-01,5.349999904632568,5.349999904632568,4.900000095367432,5.050000190734863,4.979698657989502,1067
2016-04-04,5.550000190734863,5.550000190734863,5.050000190734863,5.300000190734863,5.226218223571777,2882
2016-04-05,5.0,5.349999904632568,5.0,5.199999809265137,5.127609729766846,8687
2016-04-06,5.349999904632568,5.349999904632568,5.0,5.349999904632568,5.275521755218506,11238
2016-04-07,5.400000095367432,5.400000095367432,5.25,5.349999904632568,5.275521755218506,2950
2016-04-08,5.050000190734863,5.900000095367432,5.050000190734863,5.25,5.176914215087891,32733
2016-04-11,5.449999809265137,5.5,5.25,5.449999809265137,5.374129772186279,5140
2016-04-12,5.699999809265137,5.699999809265137,5.300000190734863,5.5,5.423433780670166,6412
2016-04-13,5.5,5.949999809265137,5.449999809265137,5.900000095367432,5.817865371704102,6088
2016-04-18,5.300000190734863,5.949999809265137,5.300000190734863,5.900000095367432,5.817865371704102,21424
2016-04-20,5.949999809265137,5.949999809265137,5.5,5.849999904632568,5.768561363220215,4901
2016-04-21,5.849999904632568,6.199999809265137,5.849999904632568,6.0,5.916473388671875,28654
2016-04-22,6.25,6.25,5.800000190734863,6.199999809265137,6.113688945770264,9711
2016-04-25,6.050000190734863,6.599999904632568,6.050000190734863,6.349999904632568,6.261600494384766,5554
2016-04-26,6.349999904632568,6.349999904632568,6.050000190734863,6.349999904632568,6.261600494384766,1586
2016-04-27,6.349999904632568,6.550000190734863,6.25,6.5,6.409512519836426,18343
2016-04-28,6.699999809265137,6.699999809265137,6.050000190734863,6.599999904632568,6.508120536804199,11420
2016-04-29,6.75,7.0,6.199999809265137,6.900000095367432,6.803944110870361,27835
2016-05-02,6.699999809265137,7.0,6.5,7.0,6.902552127838135,5308
2016-05-03,6.699999809265137,7.099999904632568,6.300000190734863,6.699999809265137,6.6067280769348145,7026
2016-05-04,7.449999809265137,7.449999809265137,6.400000095367432,7.150000095367432,7.050464153289795,21087
2016-05-05,7.5,7.5,7.0,7.199999809265137,7.099767684936523,4765
2016-05-06,7.0,7.5,7.0,7.099999904632568,7.00115966796875,5425
2016-05-09,7.0,7.5,6.550000190734863,6.849999904632568,6.754640102386475,11619
2016-05-10,6.75,7.5,6.300000190734863,6.900000095367432,6.803944110870361,6458
2016-05-11,7.0,7.0,6.699999809265137,6.849999904632568,6.754640102386475,4067
2016-05-12,7.0,7.0,6.349999904632568,6.800000190734863,6.705336570739746,27530
2016-05-13,7.5,7.5,6.5,6.949999809265137,6.85324764251709,24082
2016-05-16,7.5,7.5,6.949999809265137,7.150000095367432,7.050464153289795,6505
2016-05-17,7.400000095367432,7.400000095367432,6.800000190734863,6.949999809265137,6.85324764251709,16603
2016-05-18,7.5,7.5,6.300000190734863,6.599999904632568,6.508120536804199,14021
2016-05-19,6.400000095367432,6.949999809265137,6.349999904632568,6.849999904632568,6.754640102386475,24077
2016-05-20,7.5,7.5,6.349999904632568,6.800000190734863,6.705336570739746,26117
2016-05-23,6.550000190734863,7.0,6.5,6.599999904632568,6.508120536804199,752
2016-05-24,6.449999809265137,6.599999904632568,6.199999809265137,6.5,6.409512519836426,3874
2016-05-25,7.699999809265137,7.699999809265137,6.599999904632568,6.949999809265137,6.85324764251709,29828
2016-05-26,7.449999809265137,7.449999809265137,6.650000095367432,6.699999809265137,6.6067280769348145,1180
2016-05-27,7.25,7.25,6.599999904632568,6.900000095367432,6.803944110870361,1002
2016-05-30,6.550000190734863,6.949999809265137,6.400000095367432,6.599999904632568,6.508120536804199,15091
2016-05-31,6.349999904632568,6.900000095367432,6.349999904632568,6.400000095367432,6.3109049797058105,10832
2016-06-01,6.75,6.75,6.199999809265137,6.25,6.16299295425415,7100
2016-06-02,6.099999904632568,6.349999904632568,6.0,6.150000095367432,6.064384937286377,7381
2016-06-03,6.5,6.5,6.0,6.099999904632568,6.01508092880249,5582
2016-06-06,6.099999904632568,6.400000095367432,6.050000190734863,6.150000095367432,6.064384937286377,6017
2016-06-07,6.099999904632568,6.449999809265137,5.949999809265137,6.099999904632568,6.01508092880249,19633
2016-06-08,5.949999809265137,6.199999809265137,5.949999809265137,6.199999809265137,6.113688945770264,602
2016-06-09,6.199999809265137,6.25,6.199999809265137,6.199999809265137,6.113688945770264,22232
2016-06-10,6.050000190734863,6.199999809265137,6.0,6.050000190734863,5.965777397155762,5805
2016-06-13,6.0,6.449999809265137,6.0,6.400000095367432,6.3109049797058105,1672
2016-06-14,6.449999809265137,6.449999809265137,6.150000095367432,6.150000095367432,6.064384937286377,41020
2016-06-15,6.099999904632568,6.5,6.099999904632568,6.449999809265137,6.360208511352539,18466
2016-06-16,6.75,6.849999904632568,6.5,6.699999809265137,6.6067280769348145,37226
2016-06-17,6.949999809265137,6.949999809265137,6.5,6.800000190734863,6.705336570739746,14665
2016-06-20,6.550000190734863,6.900000095367432,6.150000095367432,6.25,6.16299295425415,48671
2016-06-21,6.25,6.550000190734863,6.25,6.550000190734863,6.4588165283203125,1784
2016-06-22,6.150000095367432,6.650000095367432,6.0,6.300000190734863,6.212296962738037,1253
2016-06-23,6.199999809265137,6.300000190734863,6.199999809265137,6.25,6.16299295425415,3701
2016-06-24,6.050000190734863,6.400000095367432,6.050000190734863,6.300000190734863,6.212296962738037,3585
2016-06-27,6.25,6.650000095367432,6.150000095367432,6.25,6.16299295425415,6502
2016-06-28,6.150000095367432,6.5,6.099999904632568,6.400000095367432,6.3109049797058105,1900
2016-06-29,6.150000095367432,6.5,6.150000095367432,6.5,6.409512519836426,1240
2016-06-30,6.400000095367432,6.650000095367432,6.150000095367432,6.25,6.16299295425415,106371
2016-07-01,6.5,6.5,6.25,6.25,6.16299295425415,20243
2016-07-04,6.0,6.650000095367432,6.0,6.550000190734863,6.4588165283203125,11628
2016-07-05,6.5,6.699999809265137,6.349999904632568,6.400000095367432,6.3109049797058105,28101
2016-07-07,6.400000095367432,6.650000095367432,6.400000095367432,6.550000190734863,6.4588165283203125,2961
2016-07-08,6.5,6.5,6.199999809265137,6.349999904632568,6.261600494384766,20950
2016-07-11,6.150000095367432,6.699999809265137,6.150000095367432,6.650000095367432,6.557424545288086,21022
2016-07-12,6.449999809265137,6.699999809265137,6.449999809265137,6.699999809265137,6.6067280769348145,6269
2016-07-13,6.449999809265137,6.5,6.300000190734863,6.349999904632568,6.261600494384766,6035
2016-07-14,6.599999904632568,6.650000095367432,6.300000190734863,6.449999809265137,6.360208511352539,12225
2016-07-15,6.699999809265137,6.800000190734863,6.150000095367432,6.599999904632568,6.508120536804199,28436
2016-07-18,6.900000095367432,6.900000095367432,6.550000190734863,6.550000190734863,6.4588165283203125,8398
2016-07-19,6.75,6.800000190734863,6.75,6.75,6.656032085418701,3448
2016-07-20,6.75,6.75,6.400000095367432,6.699999809265137,6.6067280769348145,3311
2016-07-21,6.300000190734863,6.650000095367432,6.300000190734863,6.5,6.409512519836426,16799
2016-07-22,6.699999809265137,7.800000190734863,6.699999809265137,7.800000190734863,7.691415309906006,92019
2016-07-25,9.199999809265137,9.199999809265137,7.900000095367432,8.199999809265137,8.085846900939941,135760
2016-07-26,8.149999618530273,8.449999809265137,7.699999809265137,7.75,7.642111301422119,42021
2016-07-27,7.650000095367432,8.0,7.449999809265137,7.599999904632568,7.494199275970459,12410
2016-07-28,7.449999809265137,8.149999618530273,7.449999809265137,7.949999809265137,7.839326858520508,30195
2016-07-29,8.350000381469727,8.350000381469727,7.25,7.650000095367432,7.543503284454346,44285
2016-08-01,8.75,8.75,7.0,8.0,7.8886308670043945,38648
2016-08-02,7.949999809265137,8.399999618530273,7.800000190734863,7.949999809265137,7.839326858520508,21266
2016-08-03,8.0,8.0,7.5,7.900000095367432,7.790022850036621,4932
2016-08-04,8.0,8.0,7.300000190734863,8.0,7.8886308670043945,13092
2016-08-05,7.699999809265137,8.0,7.5,8.0,7.8886308670043945,7312
2016-08-08,7.900000095367432,7.949999809265137,7.550000190734863,7.849999904632568,7.740718841552734,14148
2016-08-09,7.699999809265137,8.0,7.599999904632568,7.849999904632568,7.740718841552734,26735
2016-08-10,7.699999809265137,8.0,7.599999904632568,7.650000095367432,7.543503284454346,9177
2016-08-11,8.0,8.0,7.349999904632568,7.449999809265137,7.346287250518799,11315
2016-08-12,7.400000095367432,7.550000190734863,7.050000190734863,7.099999904632568,7.00115966796875,9096
2016-08-16,7.0,7.699999809265137,7.0,7.099999904632568,7.00115966796875,11833
2016-08-17,7.0,7.699999809265137,6.849999904632568,7.300000190734863,7.198375701904297,2835
2016-08-18,7.400000095367432,7.599999904632568,6.5,7.099999904632568,7.00115966796875,17029
2016-08-19,7.0,8.0,7.0,7.050000190734863,6.9518561363220215,12250
2016-08-22,7.400000095367432,8.199999809265137,7.25,7.400000095367432,7.29698371887207,20445
2016-08-23,7.099999904632568,7.400000095367432,7.099999904632568,7.150000095367432,7.050464153289795,4113
2016-08-24,7.050000190734863,7.5,7.0,7.099999904632568,7.00115966796875,7340
2016-08-25,7.099999904632568,7.300000190734863,7.050000190734863,7.099999904632568,7.00115966796875,7237
2016-08-26,7.050000190734863,7.300000190734863,7.050000190734863,7.150000095367432,7.050464153289795,5498
2016-08-29,7.349999904632568,8.300000190734863,7.099999904632568,7.699999809265137,7.592806816101074,43899
2016-08-30,7.449999809265137,8.100000381469727,7.199999809265137,7.400000095367432,7.29698371887207,45076
2016-08-31,7.349999904632568,7.449999809265137,7.099999904632568,7.150000095367432,7.050464153289795,17197
2016-09-01,6.900000095367432,7.400000095367432,6.900000095367432,7.349999904632568,7.247679710388184,4518
2016-09-02,7.400000095367432,7.400000095367432,7.099999904632568,7.349999904632568,7.247679710388184,750
2016-09-06,7.050000190734863,7.800000190734863,7.050000190734863,7.199999809265137,7.099767684936523,20359
2016-09-07,7.150000095367432,7.25,7.099999904632568,7.099999904632568,7.00115966796875,11429
2016-09-08,7.150000095367432,7.349999904632568,7.099999904632568,7.349999904632568,7.247679710388184,2666
2016-09-09,7.199999809265137,7.349999904632568,7.0,7.199999809265137,7.099767684936523,6451
2016-09-12,7.0,7.199999809265137,7.0,7.199999809265137,7.099767684936523,6896
2016-09-14,7.0,7.400000095367432,7.0,7.25,7.14907169342041,1990
2016-09-15,7.099999904632568,7.300000190734863,7.0,7.099999904632568,7.00115966796875,8677
2016-09-16,8.300000190734863,8.300000190734863,7.150000095367432,7.25,7.14907169342041,581
2016-09-19,7.199999809265137,7.199999809265137,6.949999809265137,6.949999809265137,6.85324764251709,12895
2016-09-20,6.849999904632568,6.900000095367432,6.849999904632568,6.849999904632568,6.754640102386475,5115
2016-09-21,6.900000095367432,6.949999809265137,6.800000190734863,6.849999904632568,6.754640102386475,2594
2016-09-22,7.199999809265137,7.5,6.949999809265137,7.199999809265137,7.099767684936523,23773
2016-09-23,7.099999904632568,7.400000095367432,6.900000095367432,7.0,6.902552127838135,12842
2016-09-26,7.099999904632568,7.099999904632568,6.800000190734863,6.949999809265137,6.85324764251709,3293
2016-09-27,6.949999809265137,7.099999904632568,6.550000190734863,6.699999809265137,6.6067280769348145,16029
2016-09-28,6.699999809265137,6.949999809265137,6.599999904632568,6.900000095367432,6.803944110870361,12053
2016-09-29,6.800000190734863,6.849999904632568,5.75,6.349999904632568,6.261600494384766,12566
2016-09-30,6.0,6.699999809265137,6.0,6.449999809265137,6.360208511352539,8983
2016-10-03,6.599999904632568,6.599999904632568,6.349999904632568,6.599999904632568,6.508120536804199,3458
2016-10-04,6.900000095367432,6.900000095367432,6.5,6.5,6.409512519836426,10949
2016-10-05,6.849999904632568,6.849999904632568,6.400000095367432,6.849999904632568,6.754640102386475,6031
2016-10-06,6.150000095367432,6.849999904632568,6.0,6.800000190734863,6.705336570739746,6054
2016-10-07,6.900000095367432,7.099999904632568,6.900000095367432,6.900000095367432,6.803944110870361,13329
2016-10-10,7.0,7.0,7.0,7.0,6.902552127838135,189
2016-10-13,7.0,7.0,6.599999904632568,6.849999904632568,6.754640102386475,2501
2016-10-14,6.599999904632568,7.25,6.550000190734863,7.0,6.902552127838135,1255
2016-10-17,6.75,7.25,6.5,6.699999809265137,6.6067280769348145,171
2016-10-18,6.599999904632568,7.0,6.550000190734863,6.800000190734863,6.705336570739746,4250
2016-10-19,6.949999809265137,6.949999809265137,6.550000190734863,6.699999809265137,6.6067280769348145,5387
2016-10-20,6.650000095367432,7.099999904632568,6.599999904632568,7.0,6.902552127838135,7950
2016-10-21,6.849999904632568,6.900000095367432,6.849999904632568,6.849999904632568,6.754640102386475,1965
2016-10-24,6.800000190734863,7.199999809265137,6.800000190734863,7.150000095367432,7.050464153289795,9583
2016-10-25,6.900000095367432,7.0,6.849999904632568,7.0,6.902552127838135,591
2016-10-26,7.300000190734863,7.300000190734863,6.599999904632568,7.0,6.902552127838135,8217
2016-10-27,7.0,7.5,7.0,7.449999809265137,7.346287250518799,22822
2016-10-28,7.5,7.5,7.050000190734863,7.25,7.14907169342041,3790
2016-11-01,7.400000095367432,8.449999809265137,7.400000095367432,8.199999809265137,8.085846900939941,147395
2016-11-02,8.350000381469727,8.5,7.699999809265137,7.75,7.642111301422119,17384
2016-11-03,8.5,8.5,7.25,7.599999904632568,7.494199275970459,20504
2016-11-04,8.399999618530273,9.100000381469727,7.900000095367432,8.350000381469727,8.233758926391602,117875
2016-11-07,8.699999809265137,8.949999809265137,8.350000381469727,8.75,8.628190040588379,55242
2016-11-08,9.0,9.5,8.550000190734863,8.75,8.628190040588379,53992
2016-11-09,7.099999904632568,8.850000381469727,7.050000190734863,8.149999618530273,8.036541938781738,49354
2016-11-10,8.149999618530273,9.0,8.050000190734863,8.300000190734863,8.184454917907715,46093
2016-11-11,8.300000190734863,8.300000190734863,7.849999904632568,7.900000095367432,7.790022850036621,7801
2016-11-15,7.699999809265137,7.699999809265137,6.650000095367432,7.349999904632568,7.247679710388184,22899
2016-11-16,7.300000190734863,7.650000095367432,7.300000190734863,7.300000190734863,7.198375701904297,9370
2016-11-17,7.650000095367432,7.650000095367432,7.050000190734863,7.150000095367432,7.050464153289795,5573
2016-11-18,7.099999904632568,7.75,7.099999904632568,7.400000095367432,7.29698371887207,3137
2016-11-21,7.0,7.349999904632568,6.949999809265137,7.050000190734863,6.9518561363220215,21349
2016-11-22,7.099999904632568,7.349999904632568,7.099999904632568,7.099999904632568,7.00115966796875,4525
2016-11-23,7.900000095367432,7.900000095367432,7.099999904632568,7.150000095367432,7.050464153289795,11300
2016-11-24,7.0,7.400000095367432,7.0,7.300000190734863,7.198375701904297,10613
2016-11-25,7.199999809265137,7.5,7.199999809265137,7.5,7.3955912590026855,7459
2016-11-28,7.0,7.800000190734863,7.0,7.349999904632568,7.247679710388184,3065
2016-11-29,7.300000190734863,7.75,7.300000190734863,7.699999809265137,7.592806816101074,51127
2016-11-30,7.650000095367432,9.199999809265137,7.349999904632568,9.0,8.874710083007812,156617
2016-12-01,9.75,10.800000190734863,9.5,10.600000381469727,10.452436447143555,738935
2016-12-02,10.949999809265137,11.25,10.050000190734863,10.949999809265137,10.797563552856445,284703
2016-12-05,10.800000190734863,11.100000381469727,9.899999618530273,9.899999618530273,9.76218032836914,77281
2016-12-06,8.949999809265137,9.300000190734863,8.949999809265137,8.949999809265137,8.82540512084961,105418
2016-12-07,8.949999809265137,9.75,8.100000381469727,8.350000381469727,8.233758926391602,103149
2016-12-08,8.449999809265137,8.5,7.949999809265137,8.0,7.8886308670043945,39564
2016-12-09,8.0,8.25,7.800000190734863,8.0,7.8886308670043945,12783
2016-12-12,8.0,8.399999618530273,7.900000095367432,8.399999618530273,8.283061981201172,23192
2016-12-13,8.800000190734863,8.800000190734863,8.800000190734863,8.800000190734863,8.677494049072266,27585
2016-12-14,8.800000190734863,9.0,8.399999618530273,8.399999618530273,8.283061981201172,30957
2016-12-15,8.050000190734863,8.350000381469727,8.050000190734863,8.149999618530273,8.036541938781738,15700
2016-12-16,8.399999618530273,8.399999618530273,8.0,8.100000381469727,7.987239360809326,6512
2016-12-19,8.0,8.5,8.0,8.25,8.135150909423828,11678
2016-12-20,7.849999904632568,8.5,7.849999904632568,7.849999904632568,7.740718841552734,21514
2016-12-21,7.699999809265137,7.900000095367432,7.550000190734863,7.800000190734863,7.691415309906006,19684
2016-12-22,7.5,7.949999809265137,7.5,7.949999809265137,7.839326858520508,13211
2016-12-23,7.599999904632568,8.199999809265137,7.599999904632568,7.599999904632568,7.494199275970459,30336
2016-12-26,7.300000190734863,7.650000095367432,7.300000190734863,7.599999904632568,7.494199275970459,18507
2016-12-27,7.650000095367432,7.699999809265137,7.349999904632568,7.349999904632568,7.247679710388184,7687
2016-12-28,7.550000190734863,7.699999809265137,7.550000190734863,7.699999809265137,7.592806816101074,1264
2016-12-29,8.0,8.0,7.400000095367432,7.650000095367432,7.543503284454346,12167
2016-12-30,7.449999809265137,7.900000095367432,7.449999809265137,7.900000095367432,7.790022850036621,16512
2017-01-02,7.949999809265137,7.949999809265137,7.550000190734863,7.650000095367432,7.543503284454346,6320
2017-01-03,7.949999809265137,7.949999809265137,7.550000190734863,7.800000190734863,7.691415309906006,5147
2017-01-04,7.599999904632568,8.100000381469727,7.599999904632568,8.050000190734863,7.937934875488281,2609
2017-01-05,8.050000190734863,8.399999618530273,8.050000190734863,8.399999618530273,8.283061981201172,11587
2017-01-06,8.5,8.600000381469727,8.300000190734863,8.550000190734863,8.430974006652832,12594
2017-01-09,8.399999618530273,8.949999809265137,8.350000381469727,8.949999809265137,8.82540512084961,70281
2017-01-10,9.350000381469727,9.350000381469727,8.550000190734863,8.649999618530273,8.529582023620605,108284
2017-01-11,8.800000190734863,8.899999618530273,8.550000190734863,8.550000190734863,8.430974006652832,22705
2017-01-12,8.449999809265137,8.5,8.350000381469727,8.350000381469727,8.233758926391602,1922
2017-01-13,8.199999809265137,8.649999618530273,8.199999809265137,8.5,8.381669998168945,4968
2017-01-16,8.699999809265137,8.75,8.199999809265137,8.550000190734863,8.430974006652832,8906
2017-01-17,8.199999809265137,8.850000381469727,8.149999618530273,8.800000190734863,8.677494049072266,17299
2017-01-18,8.800000190734863,8.800000190734863,8.550000190734863,8.550000190734863,8.430974006652832,2250
2017-01-19,8.399999618530273,8.399999618530273,8.199999809265137,8.25,8.135150909423828,13506
2017-01-20,8.100000381469727,8.350000381469727,7.900000095367432,7.949999809265137,7.839326858520508,7691
2017-01-23,7.800000190734863,8.050000190734863,7.800000190734863,8.0,7.8886308670043945,2459
2017-01-24,7.800000190734863,8.399999618530273,7.800000190734863,7.900000095367432,7.790022850036621,10204
2017-01-25,7.699999809265137,8.0,7.699999809265137,7.900000095367432,7.790022850036621,14692
2017-01-27,8.199999809265137,8.199999809265137,7.800000190734863,7.849999904632568,7.740718841552734,30814
2017-01-30,8.050000190734863,8.199999809265137,7.800000190734863,8.199999809265137,8.085846900939941,11212
2017-01-31,8.550000190734863,8.600000381469727,8.050000190734863,8.600000381469727,8.480278968811035,12572
2017-02-01,8.850000381469727,8.949999809265137,8.300000190734863,8.600000381469727,8.480278968811035,13733
2017-02-02,8.300000190734863,8.949999809265137,8.300000190734863,8.300000190734863,8.184454917907715,11046
2017-02-03,8.699999809265137,8.699999809265137,8.0,8.5,8.381669998168945,20608
2017-02-06,8.600000381469727,8.699999809265137,8.300000190734863,8.649999618530273,8.529582023620605,7169
2017-02-07,8.699999809265137,8.699999809265137,8.199999809265137,8.199999809265137,8.085846900939941,13840
2017-02-08,8.199999809265137,9.0,8.100000381469727,8.199999809265137,8.085846900939941,48404
2017-02-09,8.050000190734863,8.050000190734863,7.400000095367432,7.400000095367432,7.29698371887207,260327
2017-02-10,7.449999809265137,7.900000095367432,7.449999809265137,7.800000190734863,7.691415309906006,27966
2017-02-13,7.949999809265137,8.25,7.449999809265137,7.699999809265137,7.592806816101074,14901
2017-02-14,7.800000190734863,7.849999904632568,7.550000190734863,7.800000190734863,7.691415309906006,6105
2017-02-15,7.25,7.699999809265137,7.25,7.650000095367432,7.543503284454346,21688
2017-02-16,7.5,7.550000190734863,7.5,7.550000190734863,7.4448957443237305,2132
2017-02-17,7.300000190734863,8.0,7.300000190734863,7.650000095367432,7.543503284454346,10018
2017-02-20,7.650000095367432,7.650000095367432,7.25,7.400000095367432,7.29698371887207,39201
2017-02-21,7.349999904632568,7.699999809265137,7.349999904632568,7.449999809265137,7.346287250518799,8931
2017-02-22,7.650000095367432,7.650000095367432,7.050000190734863,7.199999809265137,7.099767684936523,16554
2017-02-23,7.199999809265137,7.449999809265137,7.050000190734863,7.199999809265137,7.099767684936523,45773
2017-02-27,7.199999809265137,7.349999904632568,7.199999809265137,7.300000190734863,7.198375701904297,5807
2017-02-28,7.150000095367432,7.599999904632568,7.150000095367432,7.400000095367432,7.29698371887207,7757
2017-03-01,7.400000095367432,7.400000095367432,7.050000190734863,7.050000190734863,6.9518561363220215,62510
2017-03-02,7.150000095367432,7.400000095367432,7.099999904632568,7.099999904632568,7.00115966796875,12277
2017-03-03,6.949999809265137,7.300000190734863,6.949999809265137,7.300000190734863,7.198375701904297,2718
2017-03-06,7.150000095367432,7.5,7.150000095367432,7.400000095367432,7.29698371887207,10937
2017-03-07,7.300000190734863,7.300000190734863,7.300000190734863,7.300000190734863,7.198375701904297,1225
2017-03-08,7.150000095367432,7.5,7.150000095367432,7.449999809265137,7.346287250518799,10496
2017-03-09,7.25,7.400000095367432,7.25,7.400000095367432,7.29698371887207,14022
2017-03-10,7.150000095367432,7.449999809265137,7.050000190734863,7.150000095367432,7.050464153289795,10082
2017-03-14,7.150000095367432,7.400000095367432,7.0,7.25,7.14907169342041,12546
2017-03-15,7.099999904632568,7.349999904632568,7.050000190734863,7.25,7.14907169342041,202326
2017-03-16,7.099999904632568,7.75,7.099999904632568,7.650000095367432,7.543503284454346,29746
2017-03-17,7.650000095367432,8.050000190734863,7.550000190734863,8.0,7.8886308670043945,32592
2017-03-20,8.199999809265137,8.800000190734863,8.199999809265137,8.75,8.628190040588379,139704
2017-03-21,8.800000190734863,9.25,8.25,8.5,8.381669998168945,125602
2017-03-22,8.100000381469727,8.5,7.949999809265137,8.199999809265137,8.085846900939941,47780
2017-03-23,8.399999618530273,8.399999618530273,8.0,8.100000381469727,7.987239360809326,23780
2017-03-24,8.600000381469727,8.600000381469727,8.050000190734863,8.25,8.135150909423828,4405
2017-03-27,8.0,8.600000381469727,8.0,8.300000190734863,8.184454917907715,2114
2017-03-28,8.300000190734863,8.5,8.0,8.199999809265137,8.085846900939941,30008
2017-03-29,8.550000190734863,8.550000190734863,7.900000095367432,7.900000095367432,7.790022850036621,25986
2017-03-30,7.900000095367432,8.199999809265137,7.400000095367432,7.800000190734863,7.691415309906006,22720
2017-03-31,7.599999904632568,8.050000190734863,7.599999904632568,7.949999809265137,7.839326858520508,26453
2017-04-03,8.699999809265137,8.699999809265137,7.75,8.149999618530273,8.036541938781738,3498
2017-04-05,7.849999904632568,8.300000190734863,7.75,7.949999809265137,7.839326858520508,6328
2017-04-06,8.350000381469727,8.399999618530273,7.900000095367432,8.100000381469727,7.987239360809326,1574
2017-04-07,7.800000190734863,8.199999809265137,7.699999809265137,7.800000190734863,7.691415309906006,9380
2017-04-10,8.949999809265137,8.949999809265137,7.849999904632568,7.949999809265137,7.839326858520508,5697
2017-04-11,7.699999809265137,8.300000190734863,7.699999809265137,8.100000381469727,7.987239360809326,5422
2017-04-12,7.849999904632568,8.199999809265137,7.849999904632568,8.199999809265137,8.085846900939941,1352
2017-04-13,8.050000190734863,8.199999809265137,7.849999904632568,8.0,7.8886308670043945,6670
2017-04-17,7.5,8.149999618530273,7.5,7.849999904632568,7.740718841552734,14790
2017-04-18,8.0,8.050000190734863,7.699999809265137,7.75,7.642111301422119,12191
2017-04-19,8.0,8.0,7.800000190734863,7.849999904632568,7.740718841552734,3554
2017-04-20,7.599999904632568,8.5,7.599999904632568,7.75,7.642111301422119,19128
2017-04-21,7.800000190734863,8.0,7.800000190734863,7.900000095367432,7.790022850036621,1709
2017-04-24,7.849999904632568,8.0,7.849999904632568,7.849999904632568,7.740718841552734,5750
2017-04-25,7.900000095367432,8.199999809265137,7.800000190734863,8.100000381469727,7.987239360809326,8518
2017-04-26,8.149999618530273,8.149999618530273,7.599999904632568,7.949999809265137,7.839326858520508,5490
2017-04-27,8.300000190734863,8.300000190734863,7.599999904632568,7.900000095367432,7.790022850036621,3981
2017-04-28,8.300000190734863,8.300000190734863,7.599999904632568,7.900000095367432,7.790022850036621,10319
2017-05-02,8.300000190734863,8.300000190734863,7.75,7.800000190734863,7.691415309906006,4147
2017-05-03,7.650000095367432,8.0,7.650000095367432,7.75,7.642111301422119,43096
2017-05-04,7.599999904632568,8.050000190734863,7.5,8.050000190734863,7.937934875488281,6514
2017-05-05,7.800000190734863,8.100000381469727,7.800000190734863,7.849999904632568,7.740718841552734,13273
2017-05-08,7.800000190734863,8.649999618530273,7.800000190734863,8.449999809265137,8.332365989685059,91592
2017-05-09,8.899999618530273,9.0,8.25,8.899999618530273,8.776101112365723,61400
2017-05-10,8.899999618530273,10.600000381469727,8.399999618530273,8.949999809265137,8.82540512084961,198982
2017-05-11,9.800000190734863,9.949999809265137,8.5,9.300000190734863,9.170533180236816,102270
2017-05-12,9.5,9.5,9.149999618530273,9.149999618530273,9.022621154785156,5396
2017-05-15,9.300000190734863,9.399999618530273,9.100000381469727,9.350000381469727,9.21983814239502,14147
2017-05-16,9.100000381469727,9.5,9.100000381469727,9.25,9.12122917175293,15500
2017-05-17,9.300000190734863,9.300000190734863,8.949999809265137,9.0,8.874710083007812,19350
2017-05-18,9.5,9.800000190734863,8.699999809265137,8.800000190734863,8.677494049072266,11318
2017-05-19,8.800000190734863,9.0,7.599999904632568,8.25,8.135150909423828,12342
2017-05-22,8.0,8.399999618530273,7.900000095367432,8.399999618530273,8.283061981201172,5053
2017-05-23,8.199999809265137,8.300000190734863,8.0,8.100000381469727,7.987239360809326,3696
2017-05-24,7.900000095367432,8.899999618530273,7.900000095367432,8.75,8.628190040588379,45720
2017-05-25,8.699999809265137,9.699999809265137,8.550000190734863,8.75,8.628190040588379,17412
2017-05-26,8.75,9.300000190734863,8.75,8.800000190734863,8.677494049072266,12594
2017-05-29,8.550000190734863,8.649999618530273,8.149999618530273,8.25,8.135150909423828,3052
2017-05-30,8.649999618530273,9.699999809265137,8.649999618530273,9.350000381469727,9.21983814239502,47338
2017-05-31,9.899999618530273,11.199999809265137,8.800000190734863,9.25,9.12122917175293,68932
2017-06-01,9.5,9.75,9.050000190734863,9.25,9.12122917175293,17387
2017-06-02,9.600000381469727,9.600000381469727,8.850000381469727,9.0,8.874710083007812,30022
2017-06-05,8.850000381469727,9.199999809265137,8.850000381469727,8.949999809265137,8.82540512084961,2882
2017-06-06,8.5,9.0,8.5,8.949999809265137,8.82540512084961,5921
2017-06-07,8.800000190734863,9.399999618530273,8.600000381469727,8.850000381469727,8.726798057556152,8106
2017-06-08,8.850000381469727,9.0,8.5,8.800000190734863,8.677494049072266,3351
2017-06-09,9.0,9.0,8.600000381469727,8.699999809265137,8.578886032104492,3111
2017-06-12,9.600000381469727,9.600000381469727,8.5,8.600000381469727,8.480278968811035,2244
2017-06-13,9.5,9.5,8.649999618530273,8.699999809265137,8.578886032104492,5482
2017-06-14,8.5,9.149999618530273,8.5,8.699999809265137,8.578886032104492,5660
2017-06-15,8.949999809265137,9.0,8.550000190734863,8.600000381469727,8.480278968811035,6695
2017-06-16,8.850000381469727,9.0,8.600000381469727,9.0,8.874710083007812,63690
2017-06-19,9.050000190734863,9.199999809265137,8.800000190734863,9.0,8.874710083007812,10015
2017-06-20,9.0,9.0,8.5,8.600000381469727,8.480278968811035,10514
2017-06-21,8.350000381469727,8.75,8.100000381469727,8.300000190734863,8.184454917907715,11837
2017-06-22,8.850000381469727,8.850000381469727,8.449999809265137,8.800000190734863,8.677494049072266,15625
2017-06-23,8.949999809265137,8.949999809265137,8.350000381469727,8.350000381469727,8.233758926391602,4066
2017-06-27,8.350000381469727,8.449999809265137,7.699999809265137,8.350000381469727,8.233758926391602,8497
2017-06-28,7.900000095367432,8.800000190734863,7.599999904632568,8.25,8.135150909423828,9416
2017-06-29,8.0,8.399999618530273,8.0,8.199999809265137,8.085846900939941,1051
2017-06-30,8.0,8.649999618530273,8.0,8.199999809265137,8.085846900939941,7404
2017-07-03,8.850000381469727,8.850000381469727,8.100000381469727,8.149999618530273,8.036541938781738,9783
2017-07-04,8.899999618530273,8.899999618530273,8.149999618530273,8.300000190734863,8.184454917907715,9166
2017-07-05,8.5,8.699999809265137,8.25,8.600000381469727,8.480278968811035,38581
2017-07-06,8.25,8.649999618530273,8.149999618530273,8.399999618530273,8.283061981201172,16485
2017-07-07,8.300000190734863,8.699999809265137,8.199999809265137,8.600000381469727,8.480278968811035,9421
2017-07-10,8.75,8.75,8.399999618530273,8.399999618530273,8.283061981201172,4213
2017-07-11,8.5,8.699999809265137,8.449999809265137,8.449999809265137,8.332365989685059,8055
2017-07-12,8.149999618530273,8.399999618530273,8.149999618530273,8.399999618530273,8.283061981201172,26802
2017-07-13,8.399999618530273,8.899999618530273,8.199999809265137,8.600000381469727,8.480278968811035,12229
2017-07-14,8.350000381469727,8.649999618530273,8.300000190734863,8.449999809265137,8.332365989685059,12488
2017-07-17,8.449999809265137,8.75,8.449999809265137,8.649999618530273,8.529582023620605,23935
2017-07-18,8.550000190734863,8.75,8.399999618530273,8.399999618530273,8.283061981201172,16670
2017-07-19,8.449999809265137,8.850000381469727,8.449999809265137,8.75,8.628190040588379,2343
2017-07-20,8.5,9.75,8.350000381469727,9.0,8.874710083007812,226153
2017-07-21,9.149999618530273,10.5,9.0,9.550000190734863,9.41705322265625,253309
2017-07-24,9.5,10.5,9.5,9.850000381469727,9.71287727355957,159493
2017-07-25,9.949999809265137,10.100000381469727,9.75,9.949999809265137,9.811484336853027,159993
2017-07-26,9.800000190734863,10.199999809265137,9.350000381469727,9.899999618530273,9.76218032836914,70529
2017-07-27,10.0,10.0,9.350000381469727,9.449999809265137,9.318445205688477,40941
2017-07-28,9.5,9.75,9.149999618530273,9.149999618530273,9.022621154785156,6290
2017-07-31,9.199999809265137,9.899999618530273,9.050000190734863,9.050000190734863,8.9240140914917,77730
2017-08-01,9.600000381469727,9.600000381469727,9.25,9.300000190734863,9.170533180236816,33562
2017-08-02,9.600000381469727,10.0,9.100000381469727,9.25,9.12122917175293,183115
2017-08-03,9.100000381469727,9.550000190734863,8.050000190734863,8.649999618530273,8.529582023620605,120967
2017-08-04,9.199999809265137,9.5,8.600000381469727,8.899999618530273,8.776101112365723,70849
2017-08-07,9.0,9.0,8.600000381469727,8.800000190734863,8.677494049072266,8809
2017-08-08,9.350000381469727,9.350000381469727,8.800000190734863,9.0,8.874710083007812,26429
2017-08-09,9.050000190734863,9.25,8.75,8.75,8.628190040588379,68669
2017-08-10,8.300000190734863,8.699999809265137,8.050000190734863,8.149999618530273,8.036541938781738,52772
2017-08-11,8.0,8.149999618530273,7.849999904632568,7.949999809265137,7.839326858520508,41177
2017-08-14,8.399999618530273,9.100000381469727,8.300000190734863,9.0,8.874710083007812,60107
2017-08-16,9.149999618530273,9.25,8.550000190734863,8.800000190734863,8.677494049072266,19645
2017-08-17,8.949999809265137,9.199999809265137,8.600000381469727,9.199999809265137,9.071925163269043,22198
2017-08-18,9.300000190734863,9.300000190734863,8.449999809265137,8.699999809265137,8.578886032104492,15436
2017-08-21,8.949999809265137,9.149999618530273,8.350000381469727,8.899999618530273,8.776101112365723,15699
2017-08-22,8.699999809265137,8.899999618530273,8.399999618530273,8.600000381469727,8.480278968811035,5608
2017-08-23,8.899999618530273,8.899999618530273,8.449999809265137,8.600000381469727,8.480278968811035,3079
2017-08-24,8.850000381469727,8.949999809265137,8.5,8.550000190734863,8.430974006652832,3749
2017-08-28,8.550000190734863,8.699999809265137,8.399999618530273,8.649999618530273,8.529582023620605,13446
2017-08-29,8.350000381469727,9.350000381469727,8.350000381469727,8.5,8.381669998168945,7855
2017-08-30,8.5,8.699999809265137,8.300000190734863,8.399999618530273,8.283061981201172,39570
2017-08-31,8.600000381469727,8.600000381469727,8.300000190734863,8.350000381469727,8.233758926391602,7160
2017-09-01,8.699999809265137,8.699999809265137,8.300000190734863,8.300000190734863,8.184454917907715,45699
2017-09-04,8.350000381469727,8.350000381469727,8.25,8.25,8.135150909423828,8840
2017-09-05,8.350000381469727,8.75,8.350000381469727,8.699999809265137,8.578886032104492,10545
2017-09-06,8.800000190734863,8.800000190734863,8.649999618530273,8.699999809265137,8.578886032104492,4858
2017-09-07,8.75,9.149999618530273,8.5,8.699999809265137,8.578886032104492,8383
2017-09-08,8.5,8.800000190734863,8.5,8.75,8.628190040588379,13230
2017-09-11,8.600000381469727,8.75,8.199999809265137,8.350000381469727,8.233758926391602,29572
2017-09-12,8.5,8.699999809265137,8.149999618530273,8.699999809265137,8.578886032104492,44303
2017-09-13,9.0,9.0,8.25,8.399999618530273,8.283061981201172,93136
2017-09-14,8.600000381469727,9.399999618530273,8.350000381469727,8.550000190734863,8.430974006652832,73142
2017-09-15,8.5,9.100000381469727,8.5,8.649999618530273,8.529582023620605,100724
2017-09-18,8.699999809265137,8.899999618530273,8.550000190734863,8.649999618530273,8.529582023620605,37848
2017-09-19,8.899999618530273,8.899999618530273,8.399999618530273,8.449999809265137,8.332365989685059,52255
2017-09-20,8.800000190734863,8.899999618530273,8.399999618530273,8.399999618530273,8.283061981201172,42382
2017-09-21,8.800000190734863,8.800000190734863,8.449999809265137,8.449999809265137,8.332365989685059,64274
2017-09-22,8.350000381469727,8.5,8.199999809265137,8.25,8.135150909423828,64593
2017-09-25,8.399999618530273,8.399999618530273,8.0,8.300000190734863,8.184454917907715,25931
2017-09-26,8.0,8.449999809265137,8.0,8.399999618530273,8.283061981201172,18635
2017-09-27,8.199999809265137,8.199999809265137,7.849999904632568,8.0,7.8886308670043945,51433
2017-09-28,8.0,8.25,7.849999904632568,8.199999809265137,8.085846900939941,5595
2017-09-29,8.350000381469727,8.399999618530273,8.100000381469727,8.25,8.135150909423828,2420
2017-10-03,8.399999618530273,8.649999618530273,7.900000095367432,8.050000190734863,7.937934875488281,8856
2017-10-04,8.399999618530273,8.399999618530273,8.050000190734863,8.100000381469727,7.987239360809326,9928
2017-10-05,8.100000381469727,8.399999618530273,8.100000381469727,8.199999809265137,8.085846900939941,6410
2017-10-06,8.5,8.5,8.199999809265137,8.25,8.135150909423828,513193
2017-10-09,8.899999618530273,8.899999618530273,8.100000381469727,8.25,8.135150909423828,17707
2017-10-10,8.350000381469727,8.550000190734863,8.149999618530273,8.449999809265137,8.332365989685059,27237
2017-10-11,8.449999809265137,8.449999809265137,8.050000190734863,8.050000190734863,7.937934875488281,35569
2017-10-12,8.050000190734863,8.399999618530273,8.0,8.199999809265137,8.085846900939941,34127
2017-10-13,8.0,8.300000190734863,8.0,8.050000190734863,7.937934875488281,27781
2017-10-16,7.849999904632568,8.399999618530273,7.849999904632568,8.149999618530273,8.036541938781738,14773
2017-10-17,8.199999809265137,8.350000381469727,8.050000190734863,8.100000381469727,7.987239360809326,11154
2017-10-18,8.199999809265137,8.699999809265137,7.75,8.149999618530273,8.036541938781738,25685
2017-10-19,8.649999618530273,8.649999618530273,8.100000381469727,8.350000381469727,8.233758926391602,1133
2017-10-23,8.350000381469727,9.100000381469727,8.350000381469727,8.600000381469727,8.480278968811035,206515
2017-10-24,8.649999618530273,8.949999809265137,8.649999618530273,8.850000381469727,8.726798057556152,66145
2017-10-25,9.100000381469727,9.350000381469727,8.550000190734863,9.0,8.874710083007812,126031
2017-10-26,8.899999618530273,10.75,8.649999618530273,10.199999809265137,10.058004379272461,372263
2017-10-27,10.149999618530273,12.100000381469727,10.149999618530273,11.300000190734863,11.142691612243652,1665216
2017-10-30,11.050000190734863,13.550000190734863,11.0,13.550000190734863,13.361369132995605,1360409
2017-10-31,14.5,14.899999618530273,14.0,14.899999618530273,14.692574501037598,297671
2017-11-01,16.350000381469727,16.350000381469727,13.649999618530273,14.0,13.80510425567627,2367826
2017-11-02,13.800000190734863,14.699999809265137,12.600000381469727,12.600000381469727,12.424593925476074,1242664
2017-11-03,11.699999809265137,13.850000381469727,11.350000381469727,13.600000381469727,13.410673141479492,1310261
2017-11-06,14.949999809265137,14.949999809265137,14.25,14.949999809265137,14.741878509521484,741102
2017-11-07,15.399999618530273,16.399999618530273,14.800000190734863,15.5,15.284222602844238,1163911
2017-11-08,16.450000762939453,17.049999237060547,15.550000190734863,16.75,16.516820907592773,938815
2017-11-09,17.649999618530273,18.25,17.0,17.950000762939453,17.700117111206055,1052701
2017-11-10,18.200000762939453,18.649999618530273,17.100000381469727,17.100000381469727,16.861948013305664,1674682
2017-11-13,16.25,16.25,16.25,16.25,16.023780822753906,81265
2017-11-14,15.449999809265137,15.449999809265137,15.449999809265137,15.449999809265137,15.234918594360352,7349
2017-11-15,14.699999809265137,14.699999809265137,14.699999809265137,14.699999809265137,14.495359420776367,21736
2017-11-16,14.0,14.0,14.0,14.0,13.80510425567627,17896
2017-11-17,13.300000190734863,14.699999809265137,13.300000190734863,14.649999618530273,14.446054458618164,383871
2017-11-20,15.350000381469727,15.350000381469727,14.5,14.850000381469727,14.643271446228027,141745
2017-11-21,15.449999809265137,15.449999809265137,14.149999618530273,14.25,14.051623344421387,96491
2017-11-22,14.199999809265137,14.5,13.550000190734863,13.550000190734863,13.361369132995605,164235
2017-11-23,13.600000381469727,13.600000381469727,12.899999618530273,12.899999618530273,12.720417022705078,210879
2017-11-24,12.899999618530273,13.5,12.600000381469727,12.800000190734863,12.621809959411621,212139
2017-11-27,12.199999809265137,13.399999618530273,12.199999809265137,13.399999618530273,13.213456153869629,215724
2017-11-28,13.100000381469727,14.050000190734863,13.100000381469727,14.0,13.80510425567627,177241
2017-11-29,14.600000381469727,14.600000381469727,13.350000381469727,13.550000190734863,13.361369132995605,134566
2017-11-30,13.449999809265137,13.699999809265137,13.0,13.5,13.312064170837402,85794
2017-12-01,13.949999809265137,13.949999809265137,12.850000381469727,12.899999618530273,12.720417022705078,113611
2017-12-04,12.899999618530273,13.350000381469727,12.300000190734863,12.5,12.3259859085083,618314
2017-12-05,12.949999809265137,12.949999809265137,11.899999618530273,12.0,11.83294677734375,184169
2017-12-06,11.600000381469727,12.350000381469727,11.399999618530273,11.399999618530273,11.24129867553711,164004
2017-12-07,11.399999618530273,11.399999618530273,10.850000381469727,11.149999618530273,10.994778633117676,281335
2017-12-08,11.199999809265137,11.399999618530273,10.649999618530273,11.0,10.846867561340332,81463
2017-12-11,11.0,11.550000190734863,10.550000190734863,11.5,11.339906692504883,95489
2017-12-12,11.199999809265137,12.050000190734863,11.0,12.050000190734863,11.882250785827637,171056
2017-12-13,12.449999809265137,12.649999618530273,11.5,12.649999618530273,12.473896980285645,90765
2017-12-14,13.25,13.25,13.25,13.25,13.065545082092285,103431
2017-12-15,13.75,13.75,12.649999618530273,13.050000190734863,12.868329048156738,87974
2017-12-18,13.050000190734863,13.600000381469727,12.399999618530273,13.0,12.819025039672852,38350
2017-12-19,13.5,13.5,12.550000190734863,13.100000381469727,12.917633056640625,45366
2017-12-20,13.100000381469727,13.399999618530273,12.75,12.949999809265137,12.769721031188965,31870
2017-12-21,12.899999618530273,13.300000190734863,12.399999618530273,12.75,12.572504997253418,63232
2017-12-22,12.949999809265137,13.0,12.149999618530273,13.0,12.819025039672852,81582
2017-12-26,13.0,13.600000381469727,13.0,13.25,13.065545082092285,70511
2017-12-27,13.800000190734863,13.800000190734863,12.899999618530273,13.350000381469727,13.164153099060059,73806
2017-12-28,13.0,13.5,12.800000190734863,13.399999618530273,13.213456153869629,134938
2017-12-29,13.5,13.649999618530273,13.100000381469727,13.25,13.065545082092285,114006
2018-01-01,13.800000190734863,13.800000190734863,13.0,13.199999809265137,13.016241073608398,55335
2018-01-02,13.600000381469727,13.850000381469727,13.300000190734863,13.850000381469727,13.65719223022461,162779
2018-01-03,14.5,14.5,14.5,14.5,14.29814338684082,30577
2018-01-04,15.199999809265137,15.199999809265137,14.300000190734863,15.199999809265137,14.988398551940918,193120
2018-01-05,15.949999809265137,15.949999809265137,15.649999618530273,15.949999809265137,15.727957725524902,848688
2018-01-08,16.200000762939453,16.700000762939453,15.949999809265137,16.100000381469727,15.875869750976562,706793
2018-01-09,16.0,16.399999618530273,15.300000190734863,16.049999237060547,15.82656478881836,322719
2018-01-10,15.399999618530273,16.0,15.25,15.399999618530273,15.185613632202148,157157
2018-01-11,15.899999618530273,16.149999618530273,14.649999618530273,16.0,15.777261734008789,143811
2018-01-12,15.800000190734863,16.0,15.199999809265137,15.199999809265137,14.988398551940918,132217
2018-01-15,15.949999809265137,15.949999809265137,14.449999809265137,14.449999809265137,14.248839378356934,240920
2018-01-16,14.300000190734863,14.75,13.75,13.75,13.558584213256836,118567
2018-01-17,13.149999618530273,14.050000190734863,13.100000381469727,14.0,13.80510425567627,77738
2018-01-18,14.050000190734863,14.449999809265137,13.300000190734863,13.300000190734863,13.114849090576172,215549
2018-01-19,13.5,13.5,12.649999618530273,12.649999618530273,12.473896980285645,85355
2018-01-22,13.199999809265137,13.199999809265137,12.100000381469727,12.449999809265137,12.276681900024414,76311
2018-01-23,12.100000381469727,12.850000381469727,11.850000381469727,11.850000381469727,11.68503475189209,270444
2018-01-24,11.949999809265137,11.949999809265137,11.300000190734863,11.300000190734863,11.142691612243652,183020
2018-01-25,10.75,11.850000381469727,10.75,10.75,10.600347518920898,301043
2018-01-29,10.800000190734863,11.25,10.699999809265137,10.850000381469727,10.698955535888672,169709
2018-01-30,10.75,11.350000381469727,10.75,11.350000381469727,11.191995620727539,77217
2018-01-31,11.0,11.800000190734863,11.0,11.350000381469727,11.191995620727539,37226
2018-02-01,10.850000381469727,11.850000381469727,10.850000381469727,11.100000381469727,10.945475578308105,42403
2018-02-02,10.800000190734863,11.0,10.550000190734863,10.800000190734863,10.649651527404785,75073
2018-02-05,10.300000190734863,10.800000190734863,10.300000190734863,10.300000190734863,10.156612396240234,133749
2018-02-06,10.300000190734863,10.300000190734863,9.800000190734863,9.800000190734863,9.663573265075684,103618
2018-02-07,10.25,10.25,9.399999618530273,9.75,9.614269256591797,682447
2018-02-08,10.0,10.199999809265137,9.800000190734863,10.199999809265137,10.058004379272461,6666264
2018-02-09,10.699999809265137,10.699999809265137,10.699999809265137,10.699999809265137,10.551043510437012,14056
2018-02-12,11.199999809265137,11.199999809265137,11.199999809265137,11.199999809265137,11.044082641601562,14999
2018-02-14,11.75,11.75,11.75,11.75,11.586426734924316,10427
2018-02-15,12.300000190734863,12.300000190734863,12.300000190734863,12.300000190734863,12.128769874572754,36312
2018-02-16,12.399999618530273,12.899999618530273,11.850000381469727,12.699999809265137,12.523200988769531,591906
2018-02-19,12.850000381469727,12.850000381469727,12.100000381469727,12.100000381469727,11.931554794311523,48516
2018-02-20,11.649999618530273,11.699999809265137,11.5,11.5,11.339906692504883,32229
2018-02-21,11.5,11.699999809265137,10.949999809265137,11.0,10.846867561340332,70878
2018-02-22,11.0,11.399999618530273,10.699999809265137,10.800000190734863,10.649651527404785,78845
2018-02-23,10.550000190734863,11.050000190734863,10.550000190734863,10.75,10.600347518920898,95020
2018-02-26,10.399999618530273,11.199999809265137,10.399999618530273,10.550000190734863,10.403132438659668,58631
2018-02-27,10.75,10.75,10.050000190734863,10.399999618530273,10.255219459533691,97949
2018-02-28,10.050000190734863,10.5,10.050000190734863,10.399999618530273,10.255219459533691,50577
2018-03-01,10.649999618530273,10.899999618530273,10.649999618530273,10.899999618530273,10.748259544372559,66046
2018-03-05,11.100000381469727,11.100000381469727,10.399999618530273,10.399999618530273,10.255219459533691,77854
2018-03-06,10.0,10.5,9.949999809265137,10.050000190734863,9.9100923538208,118147
2018-03-07,10.199999809265137,10.199999809265137,9.550000190734863,9.75,9.614269256591797,78245
2018-03-08,9.75,9.949999809265137,9.449999809265137,9.600000381469727,9.466357231140137,72142
2018-03-09,10.050000190734863,10.050000190734863,9.5,9.699999809265137,9.564964294433594,36013
2018-03-12,10.149999618530273,10.149999618530273,9.699999809265137,9.899999618530273,9.76218032836914,21988
2018-03-13,10.0,10.350000381469727,9.800000190734863,10.350000381469727,10.205916404724121,4100471
2018-03-14,10.699999809265137,10.850000381469727,10.25,10.850000381469727,10.698955535888672,206342
2018-03-15,11.25,11.300000190734863,10.5,10.649999618530273,10.501739501953125,133046
2018-03-16,10.699999809265137,10.899999618530273,10.149999618530273,10.449999809265137,10.304523468017578,137915
2018-03-19,10.449999809265137,10.699999809265137,10.0,10.100000381469727,9.959397315979004,49438
2018-03-20,9.899999618530273,10.399999618530273,9.75,9.800000190734863,9.663573265075684,8827786
2018-03-21,10.25,10.25,9.75,9.949999809265137,9.811484336853027,54964
2018-03-22,10.100000381469727,10.199999809265137,9.699999809265137,9.800000190734863,9.663573265075684,203574
2018-03-23,9.399999618530273,9.800000190734863,9.399999618530273,9.550000190734863,9.41705322265625,230599
2018-03-26,9.850000381469727,9.850000381469727,9.25,9.449999809265137,9.318445205688477,477882
2018-03-27,9.600000381469727,9.649999618530273,9.100000381469727,9.25,9.12122917175293,97060
2018-03-28,9.449999809265137,9.449999809265137,8.850000381469727,8.899999618530273,8.776101112365723,54254
2018-04-02,8.75,9.300000190734863,8.699999809265137,9.25,9.12122917175293,242656
2018-04-03,9.600000381469727,9.699999809265137,9.550000190734863,9.699999809265137,9.564964294433594,21780
2018-04-04,9.699999809265137,10.100000381469727,9.399999618530273,9.449999809265137,9.318445205688477,38013
2018-04-05,9.850000381469727,9.850000381469727,9.550000190734863,9.600000381469727,9.466357231140137,516158
2018-04-06,9.800000190734863,9.800000190734863,9.5,9.75,9.614269256591797,82304
2018-04-09,9.800000190734863,9.949999809265137,9.649999618530273,9.699999809265137,9.564964294433594,138656
2018-04-10,9.899999618530273,10.149999618530273,9.600000381469727,9.649999618530273,9.515660285949707,50453
2018-04-11,9.300000190734863,9.800000190734863,9.300000190734863,9.75,9.614269256591797,28379
2018-04-12,9.800000190734863,9.850000381469727,9.550000190734863,9.600000381469727,9.466357231140137,47493
2018-04-13,9.899999618530273,10.550000190734863,9.5,10.550000190734863,10.403132438659668,2190098
2018-04-16,10.350000381469727,11.600000381469727,10.350000381469727,11.050000190734863,10.896171569824219,795866
2018-04-17,11.100000381469727,12.0,11.100000381469727,11.699999809265137,11.53712272644043,410780
2018-04-18,12.050000190734863,12.399999618530273,11.899999618530273,12.0,11.83294677734375,149587
2018-04-19,12.350000381469727,12.600000381469727,12.199999809265137,12.600000381469727,12.424593925476074,177759
2018-04-20,13.199999809265137,13.199999809265137,13.199999809265137,13.199999809265137,13.016241073608398,211234
2018-04-23,13.850000381469727,13.850000381469727,13.850000381469727,13.850000381469727,13.65719223022461,11665
2018-04-24,14.5,14.5,13.199999809265137,13.899999618530273,13.70649528503418,1383010
2018-04-25,13.850000381469727,13.850000381469727,13.25,13.25,13.065545082092285,110705
2018-04-26,12.649999618530273,12.699999809265137,12.600000381469727,12.600000381469727,12.424593925476074,86970
2018-04-27,12.25,12.600000381469727,12.0,12.0,11.83294677734375,313416
2018-04-30,12.5,12.600000381469727,11.5,12.600000381469727,12.424593925476074,57423
2018-05-02,12.0,13.149999618530273,12.0,12.0,11.83294677734375,31907
2018-05-03,12.350000381469727,12.350000381469727,11.399999618530273,11.649999618530273,11.487818717956543,45252
2018-05-04,11.300000190734863,11.600000381469727,11.300000190734863,11.449999809265137,11.290602684020996,12011
2018-05-07,11.449999809265137,11.75,11.0,11.300000190734863,11.142691612243652,43765
2018-05-08,11.300000190734863,11.449999809265137,11.199999809265137,11.350000381469727,11.191995620727539,10145
2018-05-09,11.5,11.800000190734863,11.449999809265137,11.5,11.339906692504883,38955
2018-05-10,11.449999809265137,11.5,11.0,11.399999618530273,11.24129867553711,24711
2018-05-11,11.449999809265137,11.449999809265137,11.0,11.199999809265137,11.044082641601562,26833
2018-05-14,10.699999809265137,11.300000190734863,10.699999809265137,10.899999618530273,10.748259544372559,12450
2018-05-15,10.75,11.25,10.399999618530273,10.649999618530273,10.501739501953125,41621
2018-05-16,10.399999618530273,10.699999809265137,10.350000381469727,10.5,10.353828430175781,18063
2018-05-17,10.850000381469727,10.850000381469727,10.399999618530273,10.449999809265137,10.304523468017578,10814
2018-05-18,10.949999809265137,10.949999809265137,10.899999618530273,10.949999809265137,10.797563552856445,71583
2018-05-21,10.949999809265137,10.949999809265137,10.449999809265137,10.699999809265137,10.551043510437012,41541
2018-05-22,10.199999809265137,10.699999809265137,10.199999809265137,10.199999809265137,10.058004379272461,95530
2018-05-23,10.0,10.649999618530273,10.0,10.25,10.107308387756348,20199
2018-05-24,10.199999809265137,10.350000381469727,10.0,10.300000190734863,10.156612396240234,7513
2018-05-25,9.949999809265137,10.699999809265137,9.899999618530273,10.600000381469727,10.452436447143555,32341
2018-05-28,11.0,11.0,10.199999809265137,10.350000381469727,10.205916404724121,28411
2018-05-29,10.0,10.699999809265137,10.0,10.550000190734863,10.403132438659668,6839
2018-05-30,10.550000190734863,10.699999809265137,10.050000190734863,10.199999809265137,10.058004379272461,38481
2018-05-31,10.149999618530273,10.649999618530273,10.050000190734863,10.199999809265137,10.058004379272461,36252
2018-06-01,9.75,10.5,9.75,9.949999809265137,9.811484336853027,21669
2018-06-04,10.300000190734863,10.300000190734863,9.800000190734863,9.949999809265137,9.811484336853027,7240
2018-06-05,9.600000381469727,9.600000381469727,9.5,9.5,9.367749214172363,33320
2018-06-06,9.100000381469727,9.699999809265137,9.050000190734863,9.350000381469727,9.21983814239502,24068
2018-06-07,9.5,9.699999809265137,9.100000381469727,9.5,9.367749214172363,70599
2018-06-08,9.800000190734863,9.800000190734863,9.199999809265137,9.25,9.12122917175293,17419
2018-06-11,9.25,9.449999809265137,9.149999618530273,9.399999618530273,9.26914119720459,31031
2018-06-12,9.149999618530273,9.449999809265137,9.149999618530273,9.399999618530273,9.26914119720459,22665
2018-06-13,9.25,9.449999809265137,9.25,9.25,9.12122917175293,21870
2018-06-14,9.449999809265137,9.5,9.199999809265137,9.350000381469727,9.21983814239502,11213
2018-06-15,9.25,9.399999618530273,8.899999618530273,9.0,8.874710083007812,61285
2018-06-18,9.0,9.399999618530273,8.850000381469727,9.0,8.874710083007812,9649
2018-06-19,9.0,9.0,8.550000190734863,9.0,8.874710083007812,29668
2018-06-20,8.800000190734863,9.300000190734863,8.800000190734863,9.0,8.874710083007812,12081
2018-06-21,8.850000381469727,9.100000381469727,8.850000381469727,9.0,8.874710083007812,4770
2018-06-22,8.899999618530273,9.149999618530273,8.649999618530273,8.949999809265137,8.82540512084961,11525
2018-06-25,8.649999618530273,9.25,8.649999618530273,8.850000381469727,8.726798057556152,30334
2018-06-26,9.0,9.0,8.800000190734863,8.800000190734863,8.677494049072266,2545
2018-06-27,8.800000190734863,8.850000381469727,8.399999618530273,8.399999618530273,8.283061981201172,104487
2018-06-28,8.0,8.649999618530273,8.0,8.350000381469727,8.233758926391602,20210
2018-06-29,8.5,8.699999809265137,8.25,8.25,8.135150909423828,17633
2018-07-02,8.25,8.649999618530273,8.25,8.300000190734863,8.184454917907715,3877
2018-07-03,8.300000190734863,8.5,8.149999618530273,8.350000381469727,8.233758926391602,6949
2018-07-04,8.350000381469727,8.75,8.25,8.350000381469727,8.233758926391602,4920
2018-07-05,8.350000381469727,8.75,8.350000381469727,8.75,8.628190040588379,5600
2018-07-06,8.5,9.050000190734863,8.5,9.0,8.874710083007812,7476
2018-07-09,9.0,9.0,8.600000381469727,8.800000190734863,8.677494049072266,1251
2018-07-10,9.199999809265137,9.199999809265137,8.800000190734863,9.050000190734863,8.9240140914917,7220
2018-07-11,8.899999618530273,9.100000381469727,8.899999618530273,9.100000381469727,8.973318099975586,610
2018-07-12,9.100000381469727,9.100000381469727,8.649999618530273,8.649999618530273,8.529582023620605,21169
2018-07-13,8.600000381469727,9.050000190734863,8.5,8.949999809265137,8.82540512084961,207973
2018-07-16,8.800000190734863,9.199999809265137,8.550000190734863,8.550000190734863,8.430974006652832,41713
2018-07-17,8.600000381469727,8.850000381469727,8.5,8.800000190734863,8.677494049072266,46130
2018-07-18,9.199999809265137,9.199999809265137,8.399999618530273,8.399999618530273,8.283061981201172,59179
2018-07-19,8.399999618530273,8.75,8.25,8.5,8.381669998168945,31007
2018-07-20,8.75,8.75,8.5,8.5,8.381669998168945,3647
2018-07-23,8.25,8.850000381469727,8.25,8.550000190734863,8.430974006652832,8049
2018-07-24,8.899999618530273,8.949999809265137,8.550000190734863,8.949999809265137,8.82540512084961,25509
2018-07-25,9.350000381469727,9.350000381469727,9.0,9.100000381469727,8.973318099975586,7732
2018-07-26,8.800000190734863,9.399999618530273,8.699999809265137,8.75,8.628190040588379,23144
2018-07-27,8.449999809265137,9.100000381469727,8.399999618530273,8.649999618530273,8.529582023620605,72400
2018-07-30,8.899999618530273,9.0,8.75,8.800000190734863,8.677494049072266,14173
2018-07-31,9.149999618530273,9.149999618530273,8.800000190734863,9.050000190734863,8.9240140914917,12806
2018-08-01,8.850000381469727,9.100000381469727,8.699999809265137,8.75,8.628190040588379,44602
2018-08-02,8.5,9.149999618530273,8.5,8.699999809265137,8.578886032104492,24212
2018-08-03,8.600000381469727,9.100000381469727,8.399999618530273,9.100000381469727,8.973318099975586,7804364
2018-08-06,9.199999809265137,9.550000190734863,9.199999809265137,9.5,9.367749214172363,48693
2018-08-07,10.25,10.25,9.5,9.649999618530273,9.515660285949707,36678
2018-08-08,9.600000381469727,9.75,9.399999618530273,9.5,9.367749214172363,17366
2018-08-09,9.949999809265137,9.949999809265137,9.449999809265137,9.699999809265137,9.564964294433594,11988
2018-08-10,9.199999809265137,9.899999618530273,9.199999809265137,9.350000381469727,9.21983814239502,14587
2018-08-13,9.350000381469727,9.449999809265137,9.0,9.449999809265137,9.318445205688477,16437
2018-08-14,9.449999809265137,9.449999809265137,9.0,9.350000381469727,9.21983814239502,19525
2018-08-16,9.550000190734863,9.949999809265137,9.149999618530273,9.399999618530273,9.26914119720459,28987
2018-08-17,9.100000381469727,9.399999618530273,9.100000381469727,9.399999618530273,9.26914119720459,24724
2018-08-20,10.0,10.0,9.25,9.399999618530273,9.26914119720459,866
2018-08-21,9.350000381469727,9.449999809265137,9.0,9.449999809265137,9.318445205688477,6275
2018-08-23,9.449999809265137,9.600000381469727,9.100000381469727,9.449999809265137,9.318445205688477,17101
2018-08-24,9.449999809265137,9.75,9.199999809265137,9.649999618530273,9.515660285949707,5284
2018-08-27,9.25,10.5,9.25,9.800000190734863,9.663573265075684,179862
2018-08-28,10.100000381469727,10.100000381469727,9.350000381469727,9.399999618530273,9.26914119720459,27550
2018-08-29,9.399999618530273,9.699999809265137,9.050000190734863,9.300000190734863,9.170533180236816,355684
2018-08-30,9.699999809265137,9.699999809265137,9.199999809265137,9.5,9.367749214172363,685364
2018-08-31,9.850000381469727,10.399999618530273,9.350000381469727,9.350000381469727,9.21983814239502,21727
2018-09-03,9.199999809265137,9.699999809265137,8.899999618530273,9.149999618530273,9.022621154785156,65391
2018-09-04,9.050000190734863,9.449999809265137,8.949999809265137,9.0,8.874710083007812,54749
2018-09-05,9.0,9.199999809265137,8.699999809265137,8.850000381469727,8.726798057556152,18823
2018-09-06,9.100000381469727,9.100000381469727,8.75,9.0,8.874710083007812,22966
2018-09-07,8.899999618530273,9.100000381469727,8.75,9.0,8.874710083007812,19402
2018-09-10,8.800000190734863,9.100000381469727,8.75,8.899999618530273,8.776101112365723,9643
2018-09-11,9.100000381469727,9.149999618530273,8.449999809265137,8.800000190734863,8.677494049072266,32681
2018-09-12,8.550000190734863,8.899999618530273,8.449999809265137,8.449999809265137,8.332365989685059,26424
2018-09-14,8.25,9.149999618530273,8.25,8.800000190734863,8.677494049072266,18999
2018-09-17,8.5,9.0,8.5,8.800000190734863,8.677494049072266,13527
2018-09-18,9.199999809265137,9.449999809265137,8.5,8.949999809265137,8.82540512084961,66129
2018-09-19,8.850000381469727,9.100000381469727,8.850000381469727,8.850000381469727,8.726798057556152,44949
2018-09-21,8.850000381469727,9.0,8.100000381469727,8.300000190734863,8.184454917907715,56329
2018-09-24,8.100000381469727,8.300000190734863,7.550000190734863,7.75,7.642111301422119,34087
2018-09-25,7.75,8.050000190734863,7.400000095367432,7.949999809265137,7.839326858520508,11771
2018-09-26,7.949999809265137,8.199999809265137,7.5,7.599999904632568,7.494199275970459,42834
2018-09-27,7.599999904632568,7.849999904632568,7.5,7.800000190734863,7.691415309906006,10166
2018-09-28,7.849999904632568,8.100000381469727,7.349999904632568,7.449999809265137,7.346287250518799,135906
2018-10-01,7.199999809265137,7.650000095367432,6.900000095367432,7.050000190734863,6.9518561363220215,2507253
2018-10-03,7.550000190734863,7.550000190734863,6.800000190734863,7.150000095367432,7.050464153289795,34293
2018-10-04,7.0,7.099999904632568,6.849999904632568,6.949999809265137,6.85324764251709,14403
2018-10-05,7.050000190734863,7.150000095367432,6.900000095367432,7.050000190734863,6.9518561363220215,53467
2018-10-08,7.050000190734863,7.050000190734863,6.650000095367432,6.900000095367432,6.803944110870361,33112
2018-10-09,6.75,7.099999904632568,6.550000190734863,6.699999809265137,6.6067280769348145,5444
2018-10-10,7.0,7.0,6.550000190734863,6.849999904632568,6.754640102386475,13549
2018-10-11,7.099999904632568,7.099999904632568,6.300000190734863,7.0,6.902552127838135,30372
2018-10-12,6.800000190734863,7.5,6.800000190734863,7.349999904632568,7.247679710388184,11061
2018-10-15,7.800000190734863,7.800000190734863,6.800000190734863,7.099999904632568,7.00115966796875,4649
2018-10-16,7.25,7.849999904632568,7.0,7.400000095367432,7.29698371887207,21439
2018-10-17,7.75,7.75,6.900000095367432,7.0,6.902552127838135,10089
2018-10-19,7.0,7.099999904632568,6.75,6.849999904632568,6.754640102386475,38763
2018-10-22,6.849999904632568,7.449999809265137,6.800000190734863,6.949999809265137,6.85324764251709,5561
2018-10-23,6.949999809265137,7.150000095367432,6.949999809265137,7.099999904632568,7.00115966796875,5242
2018-10-24,7.0,7.0,6.900000095367432,7.0,6.902552127838135,1573
2018-10-25,7.0,7.0,6.75,7.0,6.902552127838135,6113
2018-10-26,7.0,7.150000095367432,6.650000095367432,7.0,6.902552127838135,4694
2018-10-29,6.800000190734863,6.949999809265137,6.75,6.800000190734863,6.705336570739746,23444
2018-10-30,6.650000095367432,6.900000095367432,6.650000095367432,6.849999904632568,6.754640102386475,18427
2018-10-31,6.900000095367432,7.349999904632568,6.900000095367432,7.150000095367432,7.050464153289795,1838564
2018-11-01,7.650000095367432,7.650000095367432,7.050000190734863,7.050000190734863,6.9518561363220215,9090
2018-11-02,7.199999809265137,7.699999809265137,7.0,7.5,7.3955912590026855,14413
2018-11-05,7.5,7.5,7.0,7.449999809265137,7.346287250518799,8636
2018-11-06,7.650000095367432,7.650000095367432,7.099999904632568,7.25,7.14907169342041,31085
2018-11-07,7.599999904632568,7.699999809265137,7.25,7.400000095367432,7.29698371887207,449
2018-11-09,7.5,7.949999809265137,7.5,7.849999904632568,7.740718841552734,15785
2018-11-12,7.900000095367432,7.949999809265137,7.099999904632568,7.349999904632568,7.247679710388184,12791
2018-11-13,7.400000095367432,7.75,7.199999809265137,7.25,7.14907169342041,37804
2018-11-14,7.25,7.599999904632568,7.0,7.0,6.902552127838135,34291
2018-11-15,6.800000190734863,7.25,6.800000190734863,7.150000095367432,7.050464153289795,820
2018-11-16,7.699999809265137,7.699999809265137,6.949999809265137,7.0,6.902552127838135,42849
2018-11-19,7.099999904632568,7.099999904632568,6.800000190734863,6.900000095367432,6.803944110870361,30227
2018-11-20,7.0,7.0,6.75,6.900000095367432,6.803944110870361,2014
2018-11-21,6.900000095367432,7.199999809265137,6.900000095367432,7.050000190734863,6.9518561363220215,18295
2018-11-22,7.199999809265137,7.199999809265137,6.75,6.800000190734863,6.705336570739746,4451
2018-11-26,7.150000095367432,7.150000095367432,6.699999809265137,7.0,6.902552127838135,11929
2018-11-27,7.0,7.099999904632568,6.650000095367432,6.849999904632568,6.754640102386475,14822
2018-11-28,7.0,7.449999809265137,6.800000190734863,6.849999904632568,6.754640102386475,28616
2018-11-29,7.0,7.0,6.550000190734863,6.650000095367432,6.557424545288086,13341
2018-11-30,6.650000095367432,6.949999809265137,6.449999809265137,6.449999809265137,6.360208511352539,29819
2018-12-03,6.449999809265137,6.75,6.199999809265137,6.650000095367432,6.557424545288086,8744
2018-12-04,6.849999904632568,6.849999904632568,6.5,6.599999904632568,6.508120536804199,17075
2018-12-05,6.900000095367432,6.949999809265137,6.349999904632568,6.699999809265137,6.6067280769348145,7722
2018-12-06,6.599999904632568,6.75,6.25,6.5,6.409512519836426,19895
2018-12-07,6.5,6.5,6.300000190734863,6.449999809265137,6.360208511352539,12185
2018-12-10,6.599999904632568,6.599999904632568,5.849999904632568,6.400000095367432,6.3109049797058105,6381740
2018-12-11,6.0,6.5,6.0,6.199999809265137,6.113688945770264,11807
2018-12-12,6.699999809265137,6.699999809265137,6.25,6.550000190734863,6.4588165283203125,8758
2018-12-13,6.550000190734863,6.800000190734863,6.25,6.550000190734863,6.4588165283203125,8386
2018-12-14,6.550000190734863,6.650000095367432,6.400000095367432,6.550000190734863,6.4588165283203125,12466
2018-12-17,6.75,6.75,6.349999904632568,6.449999809265137,6.360208511352539,832
2018-12-18,6.75,6.75,6.300000190734863,6.349999904632568,6.261600494384766,11688
2018-12-19,6.150000095367432,7.599999904632568,6.150000095367432,7.599999904632568,7.494199275970459,2464799
2018-12-20,8.199999809265137,8.300000190734863,7.449999809265137,7.599999904632568,7.494199275970459,200825
2018-12-21,7.599999904632568,7.650000095367432,7.050000190734863,7.300000190734863,7.198375701904297,27162
2018-12-24,7.050000190734863,7.699999809265137,7.050000190734863,7.400000095367432,7.29698371887207,10350
2018-12-26,7.099999904632568,7.400000095367432,6.849999904632568,6.949999809265137,6.85324764251709,30263
2018-12-27,6.800000190734863,7.099999904632568,6.550000190734863,6.849999904632568,6.754640102386475,27794
2018-12-28,6.75,7.0,6.75,6.75,6.656032085418701,10978
2018-12-31,6.75,6.900000095367432,6.75,6.75,6.656032085418701,3199
2019-01-01,6.699999809265137,6.849999904632568,6.550000190734863,6.75,6.656032085418701,10669
2019-01-02,6.800000190734863,6.849999904632568,6.449999809265137,6.650000095367432,6.557424545288086,23380
2019-01-03,6.699999809265137,6.75,6.5,6.650000095367432,6.557424545288086,3602
2019-01-04,6.75,6.75,6.5,6.699999809265137,6.6067280769348145,7380
2019-01-07,6.599999904632568,6.699999809265137,6.5,6.650000095367432,6.557424545288086,2245
2019-01-08,6.599999904632568,6.699999809265137,6.449999809265137,6.5,6.409512519836426,2468
2019-01-09,6.5,6.75,6.199999809265137,6.199999809265137,6.113688945770264,19312
2019-01-10,6.25,6.800000190734863,6.25,6.699999809265137,6.6067280769348145,26150
2019-01-11,6.699999809265137,6.699999809265137,6.550000190734863,6.599999904632568,6.508120536804199,1308
2019-01-14,6.599999904632568,6.699999809265137,6.349999904632568,6.550000190734863,6.4588165283203125,6185
2019-01-15,6.699999809265137,6.699999809265137,6.349999904632568,6.449999809265137,6.360208511352539,12862
2019-01-16,6.449999809265137,6.599999904632568,6.349999904632568,6.550000190734863,6.4588165283203125,4288
2019-01-17,6.599999904632568,6.599999904632568,6.099999904632568,6.349999904632568,6.261600494384766,10033
2019-01-18,6.349999904632568,6.349999904632568,6.25,6.25,6.16299295425415,13025
2019-01-21,6.25,6.349999904632568,6.050000190734863,6.099999904632568,6.01508092880249,17893
2019-01-22,6.199999809265137,6.449999809265137,6.0,6.099999904632568,6.01508092880249,17048
2019-01-23,6.099999904632568,6.25,6.0,6.099999904632568,6.01508092880249,8980
2019-01-24,6.0,6.0,5.5,5.800000190734863,5.719257354736328,47650
2019-01-25,6.800000190734863,6.800000190734863,5.400000095367432,5.449999809265137,5.374129772186279,33406
2019-01-28,6.25,6.25,5.25,5.5,5.423433780670166,11156
2019-01-29,5.349999904632568,5.5,5.099999904632568,5.400000095367432,5.324825763702393,16193
2019-01-30,5.650000095367432,5.699999809265137,5.25,5.400000095367432,5.324825763702393,11098
2019-01-31,5.400000095367432,5.449999809265137,5.099999904632568,5.25,5.176914215087891,10771
2019-02-01,5.25,5.5,5.099999904632568,5.199999809265137,5.127609729766846,7327
2019-02-04,5.050000190734863,5.199999809265137,4.75,5.0,4.930394172668457,14616
2019-02-05,5.099999904632568,5.5,5.0,5.349999904632568,5.275521755218506,24271
2019-02-06,5.349999904632568,5.5,5.150000095367432,5.199999809265137,5.127609729766846,28763
2019-02-07,5.199999809265137,5.449999809265137,5.099999904632568,5.349999904632568,5.275521755218506,6001
2019-02-08,5.449999809265137,5.449999809265137,5.050000190734863,5.199999809265137,5.127609729766846,18068
2019-02-11,5.199999809265137,5.199999809265137,5.050000190734863,5.199999809265137,5.127609729766846,5172
2019-02-12,5.400000095367432,5.400000095367432,4.650000095367432,4.900000095367432,4.831786632537842,38043
2019-02-14,5.25,5.949999809265137,5.099999904632568,5.75,5.669953346252441,3150
2019-02-15,6.800000190734863,6.800000190734863,5.25,5.400000095367432,5.324825763702393,2324
2019-02-18,5.400000095367432,5.800000190734863,4.949999809265137,5.099999904632568,5.0290021896362305,15115
2019-02-19,5.699999809265137,5.699999809265137,5.199999809265137,5.400000095367432,5.324825763702393,13651
2019-02-20,5.400000095367432,5.550000190734863,5.0,5.099999904632568,5.0290021896362305,75056
2019-02-21,5.0,5.5,4.900000095367432,5.25,5.176914215087891,3243081
2019-02-22,5.349999904632568,5.699999809265137,5.099999904632568,5.550000190734863,5.472737789154053,29030
2019-02-25,5.949999809265137,6.150000095367432,5.199999809265137,5.650000095367432,5.571345806121826,16423
2019-02-26,5.25,5.800000190734863,5.199999809265137,5.400000095367432,5.324825763702393,18686
2019-02-27,5.150000095367432,5.800000190734863,5.099999904632568,5.449999809265137,5.374129772186279,17978
2019-02-28,5.5,5.949999809265137,5.449999809265137,5.800000190734863,5.719257354736328,12903
2019-03-01,5.800000190734863,6.599999904632568,5.650000095367432,6.400000095367432,6.3109049797058105,29340
2019-03-05,7.5,7.5,6.0,7.300000190734863,7.198375701904297,130083
2019-03-06,7.349999904632568,7.75,7.0,7.599999904632568,7.494199275970459,55354
2019-03-07,7.599999904632568,7.650000095367432,7.0,7.5,7.3955912590026855,50084
2019-03-08,7.599999904632568,7.599999904632568,7.199999809265137,7.300000190734863,7.198375701904297,34761
2019-03-11,7.25,7.800000190734863,7.099999904632568,7.25,7.14907169342041,17380
2019-03-12,7.099999904632568,7.5,7.099999904632568,7.400000095367432,7.29698371887207,19556
2019-03-13,7.400000095367432,7.699999809265137,6.75,7.199999809265137,7.099767684936523,21364
2019-03-14,7.199999809265137,7.400000095367432,7.0,7.349999904632568,7.247679710388184,13198
2019-03-15,7.849999904632568,7.849999904632568,7.099999904632568,7.099999904632568,7.00115966796875,608557
2019-03-18,7.099999904632568,7.5,6.400000095367432,6.550000190734863,6.4588165283203125,99270
2019-03-19,6.800000190734863,7.0,6.650000095367432,6.75,6.656032085418701,59120
2019-03-20,6.800000190734863,6.900000095367432,6.5,6.650000095367432,6.557424545288086,89753
2019-03-22,6.650000095367432,6.800000190734863,6.150000095367432,6.650000095367432,6.557424545288086,87149
2019-03-25,6.5,6.800000190734863,6.400000095367432,6.449999809265137,6.360208511352539,68437
2019-03-26,6.5,6.699999809265137,6.449999809265137,6.650000095367432,6.557424545288086,65661
2019-03-27,6.349999904632568,7.0,6.300000190734863,6.349999904632568,6.261600494384766,113477
2019-03-28,6.5,6.75,6.400000095367432,6.449999809265137,6.360208511352539,7622
2019-04-01,6.099999904632568,6.599999904632568,5.400000095367432,6.099999904632568,6.01508092880249,260523
2019-04-02,6.25,6.25,5.699999809265137,6.150000095367432,6.064384937286377,95384
2019-04-03,6.099999904632568,6.5,5.900000095367432,6.150000095367432,6.064384937286377,14922
2019-04-04,6.0,6.300000190734863,5.900000095367432,6.25,6.16299295425415,21342
2019-04-05,6.099999904632568,6.300000190734863,6.099999904632568,6.25,6.16299295425415,23899
2019-04-08,6.150000095367432,6.300000190734863,6.150000095367432,6.150000095367432,6.064384937286377,6893
2019-04-09,6.300000190734863,6.300000190734863,5.849999904632568,5.949999809265137,5.86716890335083,11277
2019-04-10,6.0,6.25,6.0,6.199999809265137,6.113688945770264,14673
2019-04-11,6.0,6.199999809265137,6.0,6.199999809265137,6.113688945770264,1083
2019-04-12,6.199999809265137,6.400000095367432,5.699999809265137,6.099999904632568,6.01508092880249,13259
2019-04-15,6.25,6.449999809265137,6.199999809265137,6.25,6.16299295425415,5732
2019-04-16,6.400000095367432,6.900000095367432,6.300000190734863,6.75,6.656032085418701,25644
2019-04-18,6.5,6.949999809265137,6.400000095367432,6.650000095367432,6.557424545288086,7900
2019-04-22,6.650000095367432,6.650000095367432,6.150000095367432,6.199999809265137,6.113688945770264,29676
2019-04-23,6.199999809265137,6.400000095367432,6.099999904632568,6.300000190734863,6.212296962738037,5825
2019-04-24,6.150000095367432,6.449999809265137,6.0,6.099999904632568,6.01508092880249,11168
2019-04-25,6.150000095367432,6.400000095367432,5.949999809265137,6.150000095367432,6.064384937286377,11344
2019-04-26,6.199999809265137,6.199999809265137,5.949999809265137,6.099999904632568,6.01508092880249,876
2019-04-30,5.949999809265137,7.0,5.849999904632568,6.300000190734863,6.212296962738037,12149
2019-05-02,6.050000190734863,6.550000190734863,5.849999904632568,6.25,6.16299295425415,6209
2019-05-03,6.400000095367432,6.949999809265137,5.949999809265137,6.349999904632568,6.261600494384766,9879
2019-05-06,6.25,6.800000190734863,5.900000095367432,6.050000190734863,5.965777397155762,18421
2019-05-07,6.199999809265137,6.800000190734863,5.949999809265137,6.0,5.916473388671875,15180
2019-05-08,6.050000190734863,6.050000190734863,5.5,5.900000095367432,5.817865371704102,32560
2019-05-09,5.949999809265137,5.949999809265137,5.5,5.650000095367432,5.571345806121826,27482
2019-05-10,5.75,5.849999904632568,5.5,5.5,5.423433780670166,12475
2019-05-13,5.599999904632568,5.650000095367432,5.25,5.400000095367432,5.324825763702393,26346
2019-05-14,5.400000095367432,5.900000095367432,5.199999809265137,5.849999904632568,5.768561363220215,5632
2019-05-15,5.800000190734863,5.849999904632568,5.349999904632568,5.449999809265137,5.374129772186279,13536
2019-05-16,5.400000095367432,5.599999904632568,5.300000190734863,5.550000190734863,5.472737789154053,7438
2019-05-17,5.400000095367432,5.5,5.150000095367432,5.349999904632568,5.275521755218506,29745
2019-05-20,5.650000095367432,5.75,5.199999809265137,5.349999904632568,5.275521755218506,35155
2019-05-21,5.400000095367432,5.449999809265137,5.050000190734863,5.099999904632568,5.0290021896362305,17850
2019-05-22,5.25,5.349999904632568,5.050000190734863,5.099999904632568,5.0290021896362305,34367
2019-05-23,5.349999904632568,5.699999809265137,5.050000190734863,5.150000095367432,5.078306198120117,11007
2019-05-24,5.150000095367432,5.400000095367432,5.150000095367432,5.349999904632568,5.275521755218506,4324
2019-05-27,5.400000095367432,5.75,5.25,5.650000095367432,5.571345806121826,12029
2019-05-28,5.550000190734863,6.050000190734863,5.400000095367432,5.800000190734863,5.719257354736328,15750
2019-05-29,5.650000095367432,6.199999809265137,5.550000190734863,5.599999904632568,5.522041320800781,6770
2019-05-30,5.699999809265137,5.699999809265137,5.400000095367432,5.599999904632568,5.522041320800781,4259
2019-05-31,5.400000095367432,5.949999809265137,5.349999904632568,5.400000095367432,5.324825763702393,12024
2019-06-03,5.349999904632568,5.699999809265137,5.199999809265137,5.300000190734863,5.226218223571777,4012
2019-06-04,5.25,5.599999904632568,5.150000095367432,5.300000190734863,5.226218223571777,8506
2019-06-06,5.349999904632568,5.800000190734863,5.199999809265137,5.349999904632568,5.275521755218506,8710034
2019-06-07,5.699999809265137,5.800000190734863,5.0,5.199999809265137,5.127609729766846,43497
2019-06-10,5.550000190734863,5.599999904632568,5.150000095367432,5.199999809265137,5.127609729766846,3872
2019-06-11,5.199999809265137,5.199999809265137,5.0,5.150000095367432,5.078306198120117,6949
2019-06-12,5.150000095367432,5.400000095367432,5.0,5.199999809265137,5.127609729766846,6178
2019-06-13,4.699999809265137,5.300000190734863,4.699999809265137,5.099999904632568,5.0290021896362305,4053
2019-06-14,5.25,5.25,5.0,5.25,5.176914215087891,12859
2019-06-17,5.150000095367432,5.25,5.0,5.050000190734863,4.979698657989502,10972
2019-06-18,5.099999904632568,5.25,4.75,4.849999904632568,4.782482147216797,11375
2019-06-19,4.900000095367432,4.900000095367432,4.75,4.849999904632568,4.782482147216797,10185
2019-06-20,5.150000095367432,5.150000095367432,4.800000190734863,4.949999809265137,4.88109016418457,4415
2019-06-21,4.400000095367432,5.0,4.400000095367432,4.900000095367432,4.831786632537842,3957
2019-06-24,4.75,5.0,4.449999809265137,4.849999904632568,4.782482147216797,15397
2019-06-25,5.099999904632568,5.150000095367432,4.800000190734863,4.949999809265137,4.88109016418457,11010
2019-06-26,5.0,5.099999904632568,4.650000095367432,4.699999809265137,4.634570598602295,10593
2019-06-27,5.050000190734863,5.099999904632568,4.800000190734863,4.800000190734863,4.733178615570068,12380
2019-06-28,4.849999904632568,4.900000095367432,4.650000095367432,4.75,4.683874607086182,11195
2019-07-01,4.699999809265137,4.949999809265137,4.400000095367432,4.550000190734863,4.486659049987793,16936
2019-07-02,4.75,5.050000190734863,4.5,4.599999904632568,4.5359625816345215,43189
2019-07-03,4.650000095367432,4.75,4.400000095367432,4.550000190734863,4.486659049987793,16404
2019-07-04,4.300000190734863,4.75,4.300000190734863,4.400000095367432,4.338747024536133,28599
2019-07-05,4.699999809265137,4.75,4.349999904632568,4.400000095367432,4.338747024536133,15366
2019-07-08,4.449999809265137,4.449999809265137,3.799999952316284,3.9000000953674316,3.845707654953003,58825
2019-07-09,3.950000047683716,4.050000190734863,3.9000000953674316,4.0,3.9443154335021973,6849
2019-07-10,4.050000190734863,4.099999904632568,3.700000047683716,3.9000000953674316,3.845707654953003,4480
2019-07-11,4.0,4.050000190734863,3.5999999046325684,3.8499999046325684,3.796403408050537,7834
2019-07-12,3.8499999046325684,3.950000047683716,3.6500000953674316,3.700000047683716,3.648491859436035,18439
2019-07-15,3.5,4.050000190734863,3.5,3.950000047683716,3.8950114250183105,21515
2019-07-16,3.8499999046325684,4.699999809265137,3.799999952316284,4.699999809265137,4.634570598602295,30474381
2019-07-17,4.75,5.0,3.9000000953674316,4.0,3.9443154335021973,266825
2019-07-18,4.0,4.300000190734863,3.549999952316284,4.0,3.9443154335021973,84249
2019-07-19,3.75,4.300000190734863,3.5999999046325684,3.799999952316284,3.7470996379852295,104187
2019-07-22,4.099999904632568,4.099999904632568,3.6500000953674316,3.950000047683716,3.8950114250183105,22258
2019-07-23,4.0,4.099999904632568,3.75,3.8499999046325684,3.796403408050537,21139
2019-07-24,3.8499999046325684,4.0,3.75,3.75,3.6977956295013428,7341
2019-07-25,3.6500000953674316,3.9000000953674316,3.5999999046325684,3.8499999046325684,3.796403408050537,32143
2019-07-26,3.75,3.9000000953674316,3.700000047683716,3.8499999046325684,3.796403408050537,44851
2019-07-29,3.75,3.9000000953674316,3.5999999046325684,3.700000047683716,3.648491859436035,26629
2019-07-30,3.700000047683716,3.75,3.1500000953674316,3.299999952316284,3.2540602684020996,55748
2019-07-31,3.5999999046325684,3.700000047683716,3.0999999046325684,3.299999952316284,3.2540602684020996,43875
2019-08-01,3.3499999046325684,3.3499999046325684,2.6500000953674316,2.6500000953674316,2.6131091117858887,205163
2019-08-02,2.5,2.700000047683716,2.4000000953674316,2.5,2.4651970863342285,106688
2019-08-05,2.5,2.5999999046325684,2.25,2.3499999046325684,2.3172852993011475,95236
2019-08-06,2.4000000953674316,2.450000047683716,2.1500000953674316,2.200000047683716,2.1693735122680664,65443
2019-08-07,2.1500000953674316,2.4000000953674316,2.1500000953674316,2.4000000953674316,2.366589307785034,35150
2019-08-08,2.549999952316284,2.5999999046325684,2.5,2.5999999046325684,2.563804864883423,29540
2019-08-09,2.8499999046325684,2.8499999046325684,2.75,2.799999952316284,2.7610206604003906,31507
2019-08-13,3.0,3.0,2.549999952316284,2.549999952316284,2.5145010948181152,30808
2019-08-14,2.5,2.75,2.5,2.700000047683716,2.6624128818511963,30409
2019-08-16,2.700000047683716,2.700000047683716,2.5,2.549999952316284,2.5145010948181152,11132
2019-08-19,2.3499999046325684,2.75,2.3499999046325684,2.75,2.711716890335083,25232
2019-08-20,2.75,2.75,2.5,2.5,2.4651970863342285,29280
2019-08-21,2.6500000953674316,2.6500000953674316,2.299999952316284,2.3499999046325684,2.3172852993011475,25675
2019-08-22,2.299999952316284,2.5,2.1500000953674316,2.200000047683716,2.1693735122680664,54036
2019-08-23,2.200000047683716,2.4000000953674316,2.200000047683716,2.4000000953674316,2.366589307785034,28121
2019-08-26,2.549999952316284,2.5999999046325684,2.450000047683716,2.5999999046325684,2.563804864883423,18822
2019-08-27,2.8499999046325684,2.8499999046325684,2.4000000953674316,2.5,2.4651970863342285,8392
2019-08-28,2.700000047683716,2.75,2.549999952316284,2.700000047683716,2.6624128818511963,22259
2019-08-29,2.75,2.950000047683716,2.549999952316284,2.950000047683716,2.908932685852051,38503
2019-08-30,2.8499999046325684,3.049999952316284,2.8499999046325684,2.8499999046325684,2.8103246688842773,15150
2019-09-03,2.950000047683716,2.950000047683716,2.75,2.75,2.711716890335083,8661
2019-09-04,2.799999952316284,2.8499999046325684,2.6500000953674316,2.8499999046325684,2.8103246688842773,21574
2019-09-05,2.75,2.950000047683716,2.75,2.950000047683716,2.908932685852051,37442
2019-09-06,2.9000000953674316,3.049999952316284,2.8499999046325684,2.8499999046325684,2.8103246688842773,15776
2019-09-09,2.950000047683716,2.950000047683716,2.8499999046325684,2.950000047683716,2.908932685852051,11472
2019-09-11,3.0,3.0,2.8499999046325684,2.8499999046325684,2.8103246688842773,22943
2019-09-12,2.8499999046325684,2.950000047683716,2.75,2.950000047683716,2.908932685852051,11080
2019-09-13,2.9000000953674316,2.9000000953674316,2.8499999046325684,2.9000000953674316,2.859628677368164,9860
2019-09-16,2.9000000953674316,2.9000000953674316,2.799999952316284,2.8499999046325684,2.8103246688842773,18629
2019-09-17,2.75,2.950000047683716,2.75,2.9000000953674316,2.859628677368164,17941
2019-09-18,2.950000047683716,2.950000047683716,2.799999952316284,2.799999952316284,2.7610206604003906,11107
2019-09-19,2.9000000953674316,2.9000000953674316,2.700000047683716,2.700000047683716,2.6624128818511963,6503
2019-09-20,2.799999952316284,2.799999952316284,2.6500000953674316,2.799999952316284,2.7610206604003906,105678
2019-09-23,2.799999952316284,2.9000000953674316,2.75,2.799999952316284,2.7610206604003906,45471
2019-09-24,2.799999952316284,2.8499999046325684,2.799999952316284,2.8499999046325684,2.8103246688842773,5824
2019-09-25,2.799999952316284,2.950000047683716,2.75,2.8499999046325684,2.8103246688842773,3801
2019-09-26,2.75,2.8499999046325684,2.75,2.75,2.711716890335083,23411
2019-09-27,2.799999952316284,2.8499999046325684,2.6500000953674316,2.8499999046325684,2.8103246688842773,15115
2019-09-30,2.75,2.799999952316284,2.75,2.75,2.711716890335083,885
2019-10-01,2.75,2.75,2.6500000953674316,2.6500000953674316,2.6131091117858887,15773
2019-10-03,2.75,2.75,2.549999952316284,2.549999952316284,2.5145010948181152,6163
2019-10-04,2.5,2.5,2.450000047683716,2.450000047683716,2.415893316268921,22142
2019-10-07,2.450000047683716,2.549999952316284,2.3499999046325684,2.3499999046325684,2.3172852993011475,14700
2019-10-09,2.299999952316284,2.450000047683716,2.25,2.3499999046325684,2.3172852993011475,10816
2019-10-10,2.450000047683716,2.450000047683716,2.299999952316284,2.299999952316284,2.2679812908172607,2322
2019-10-11,2.25,2.4000000953674316,2.25,2.4000000953674316,2.366589307785034,142
2019-10-14,2.4000000953674316,2.5,2.4000000953674316,2.5,2.4651970863342285,15934
2019-10-15,2.5999999046325684,2.5999999046325684,2.4000000953674316,2.5999999046325684,2.563804864883423,26975
2019-10-16,2.700000047683716,2.700000047683716,2.5,2.549999952316284,2.5145010948181152,2635
2019-10-17,2.5,2.549999952316284,2.450000047683716,2.549999952316284,2.5145010948181152,4621
2019-10-18,2.6500000953674316,2.6500000953674316,2.450000047683716,2.6500000953674316,2.6131091117858887,1593
2019-10-22,2.549999952316284,2.549999952316284,2.549999952316284,2.549999952316284,2.5145010948181152,1866
2019-10-23,2.549999952316284,2.549999952316284,2.450000047683716,2.5,2.4651970863342285,8449
2019-10-24,2.5,2.5999999046325684,2.450000047683716,2.5999999046325684,2.563804864883423,12321
2019-10-25,2.5,2.5999999046325684,2.5,2.5999999046325684,2.563804864883423,12084
2019-10-27,2.700000047683716,2.700000047683716,2.5999999046325684,2.700000047683716,2.6624128818511963,17006
2019-10-29,2.799999952316284,2.799999952316284,2.5999999046325684,2.799999952316284,2.7610206604003906,14300
2019-10-30,2.8499999046325684,2.9000000953674316,2.799999952316284,2.9000000953674316,2.859628677368164,6294
2019-10-31,3.0,3.0,2.799999952316284,2.799999952316284,2.7610206604003906,49960
2019-11-01,2.700000047683716,2.9000000953674316,2.700000047683716,2.799999952316284,2.7610206604003906,19720
2019-11-04,2.799999952316284,2.799999952316284,2.700000047683716,2.700000047683716,2.6624128818511963,13867
2019-11-05,2.700000047683716,2.799999952316284,2.6500000953674316,2.75,2.711716890335083,12133
2019-11-06,2.75,2.8499999046325684,2.6500000953674316,2.8499999046325684,2.8103246688842773,6638
2019-11-07,2.950000047683716,2.950000047683716,2.799999952316284,2.950000047683716,2.908932685852051,17993
2019-11-08,3.049999952316284,3.049999952316284,2.9000000953674316,3.049999952316284,3.007540464401245,16040
2019-11-11,3.049999952316284,3.1500000953674316,2.950000047683716,3.049999952316284,3.007540464401245,1794
2019-11-13,2.9000000953674316,3.1500000953674316,2.9000000953674316,2.9000000953674316,2.859628677368164,13607
2019-11-14,3.0,3.0,2.799999952316284,2.799999952316284,2.7610206604003906,7971
2019-11-15,2.9000000953674316,2.9000000953674316,2.799999952316284,2.9000000953674316,2.859628677368164,15989
2019-11-18,2.9000000953674316,2.950000047683716,2.9000000953674316,2.950000047683716,2.908932685852051,11883
2019-11-19,2.9000000953674316,3.049999952316284,2.8499999046325684,3.0,2.9582366943359375,8598
2019-11-20,3.0999999046325684,3.0999999046325684,2.8499999046325684,2.9000000953674316,2.859628677368164,4602
2019-11-21,2.950000047683716,3.0,2.8499999046325684,2.950000047683716,2.908932685852051,12604
2019-11-22,2.9000000953674316,2.950000047683716,2.8499999046325684,2.950000047683716,2.908932685852051,21475
2019-11-25,2.8499999046325684,3.049999952316284,2.8499999046325684,2.950000047683716,2.908932685852051,280062
2019-11-26,3.049999952316284,3.049999952316284,2.9000000953674316,3.049999952316284,3.007540464401245,22184
2019-11-27,2.950000047683716,2.950000047683716,2.9000000953674316,2.9000000953674316,2.859628677368164,15930
2019-11-28,2.799999952316284,3.0,2.799999952316284,2.9000000953674316,2.859628677368164,11153
2019-11-29,3.0,3.0,2.799999952316284,2.9000000953674316,2.859628677368164,22525
2019-12-02,2.799999952316284,2.950000047683716,2.799999952316284,2.9000000953674316,2.859628677368164,16107
2019-12-03,2.9000000953674316,3.0,2.799999952316284,2.9000000953674316,2.859628677368164,5041
2019-12-04,2.799999952316284,2.950000047683716,2.799999952316284,2.950000047683716,2.908932685852051,5403
2019-12-05,3.049999952316284,3.049999952316284,2.8499999046325684,2.8499999046325684,2.8103246688842773,2769
2019-12-06,2.950000047683716,2.950000047683716,2.75,2.799999952316284,2.7610206604003906,10543
2019-12-09,3.049999952316284,3.049999952316284,2.5999999046325684,2.8499999046325684,2.8103246688842773,20585
2019-12-10,2.700000047683716,2.8499999046325684,2.700000047683716,2.799999952316284,2.7610206604003906,4341
2019-12-11,2.9000000953674316,2.9000000953674316,2.5999999046325684,2.5999999046325684,2.563804864883423,15899
2019-12-12,2.799999952316284,2.8499999046325684,2.5,2.799999952316284,2.7610206604003906,7162
2019-12-13,2.8499999046325684,2.9000000953674316,2.6500000953674316,2.8499999046325684,2.8103246688842773,12586
2019-12-16,2.799999952316284,2.8499999046325684,2.700000047683716,2.8499999046325684,2.8103246688842773,5551
2019-12-17,2.6500000953674316,3.0,2.6500000953674316,2.75,2.711716890335083,5679
2019-12-18,3.0,3.0,2.799999952316284,2.9000000953674316,2.859628677368164,28964
2019-12-19,2.700000047683716,3.0999999046325684,2.700000047683716,2.75,2.711716890335083,10702
2019-12-20,3.0,3.0,2.8499999046325684,3.0,2.9582366943359375,34164
2019-12-23,3.0,3.1500000953674316,2.799999952316284,3.0,2.9582366943359375,16076
2019-12-24,2.950000047683716,3.0,2.9000000953674316,2.9000000953674316,2.859628677368164,8401
2019-12-26,2.950000047683716,2.950000047683716,2.8499999046325684,2.8499999046325684,2.8103246688842773,13367
2019-12-27,3.0,3.0,2.799999952316284,3.0,2.9582366943359375,113086
2019-12-30,3.049999952316284,3.0999999046325684,2.9000000953674316,3.0999999046325684,3.056844472885132,121031
2019-12-31,3.299999952316284,3.299999952316284,3.0,3.049999952316284,3.007540464401245,5302
2020-01-01,3.200000047683716,3.200000047683716,2.950000047683716,3.049999952316284,3.007540464401245,1918
2020-01-02,3.049999952316284,3.200000047683716,2.9000000953674316,3.0,2.9582366943359375,7529
2020-01-03,3.25,3.25,2.9000000953674316,3.0,2.9582366943359375,5458
2020-01-06,2.9000000953674316,3.049999952316284,2.9000000953674316,3.049999952316284,3.007540464401245,14445
2020-01-07,3.0,3.0999999046325684,2.9000000953674316,2.9000000953674316,2.859628677368164,2836
2020-01-08,2.950000047683716,3.049999952316284,2.950000047683716,3.0,2.9582366943359375,1602
2020-01-09,3.1500000953674316,3.1500000953674316,2.9000000953674316,3.049999952316284,3.007540464401245,7736
2020-01-10,3.049999952316284,3.049999952316284,2.950000047683716,3.0,2.9582366943359375,2381
2020-01-13,3.049999952316284,3.0999999046325684,2.950000047683716,3.0,2.9582366943359375,2713
2020-01-14,3.0,3.299999952316284,3.0,3.25,3.204756259918213,44571
2020-01-15,3.549999952316284,3.549999952316284,3.25,3.549999952316284,3.500579833984375,71961
2020-01-16,3.549999952316284,3.9000000953674316,3.549999952316284,3.9000000953674316,3.845707654953003,8755
2020-01-17,4.050000190734863,4.050000190734863,4.050000190734863,4.050000190734863,3.993619680404663,7015
2020-01-20,4.25,4.25,4.25,4.25,4.190834999084473,19912
2020-01-21,4.25,4.449999809265137,4.25,4.400000095367432,4.338747024536133,114850
2020-01-22,4.5,4.599999904632568,4.199999809265137,4.199999809265137,4.141530990600586,40945
2020-01-23,4.0,4.199999809265137,4.0,4.0,3.9443154335021973,12606
2020-01-24,3.8499999046325684,4.0,3.799999952316284,3.799999952316284,3.7470996379852295,27386
2020-01-27,3.75,3.75,3.6500000953674316,3.6500000953674316,3.5991878509521484,15510
2020-01-28,3.6500000953674316,3.6500000953674316,3.5,3.5,3.4512760639190674,11037
2020-01-29,3.3499999046325684,3.549999952316284,3.3499999046325684,3.5,3.4512760639190674,6929
2020-01-30,3.6500000953674316,3.6500000953674316,3.3499999046325684,3.3499999046325684,3.3033640384674072,1322
2020-01-31,3.299999952316284,3.3499999046325684,3.299999952316284,3.299999952316284,3.2540602684020996,2313
2020-02-03,3.200000047683716,3.3499999046325684,3.049999952316284,3.1500000953674316,3.1061484813690186,7875
2020-02-04,3.0,3.299999952316284,3.0,3.049999952316284,3.007540464401245,2232
2020-02-05,3.049999952316284,3.049999952316284,3.0,3.0,2.9582366943359375,4018
2020-02-06,3.049999952316284,3.1500000953674316,3.0,3.1500000953674316,3.1061484813690186,14103
2020-02-07,3.1500000953674316,3.1500000953674316,3.1500000953674316,3.1500000953674316,3.1061484813690186,2256
2020-02-10,3.0,3.299999952316284,3.0,3.049999952316284,3.007540464401245,10455
2020-02-11,3.200000047683716,3.200000047683716,3.0,3.1500000953674316,3.1061484813690186,16189
2020-02-12,3.200000047683716,3.200000047683716,3.0,3.049999952316284,3.007540464401245,17844
2020-02-13,3.049999952316284,3.0999999046325684,2.950000047683716,3.049999952316284,3.007540464401245,11743
2020-02-14,3.049999952316284,3.049999952316284,2.950000047683716,2.950000047683716,2.908932685852051,125481
2020-02-17,3.049999952316284,3.049999952316284,2.950000047683716,2.950000047683716,2.908932685852051,5151
2020-02-18,2.950000047683716,2.950000047683716,2.950000047683716,2.950000047683716,2.908932685852051,3387
2020-02-19,2.950000047683716,3.0,2.9000000953674316,2.950000047683716,2.908932685852051,21584
2020-02-20,2.8499999046325684,2.8499999046325684,2.8499999046325684,2.8499999046325684,2.8103246688842773,19
2020-02-24,2.8499999046325684,2.8499999046325684,2.75,2.75,2.711716890335083,5200
2020-02-25,2.6500000953674316,2.8499999046325684,2.6500000953674316,2.8499999046325684,2.8103246688842773,4699
2020-02-26,2.75,2.75,2.75,2.75,2.711716890335083,200
2020-02-27,2.75,2.75,2.6500000953674316,2.6500000953674316,2.6131091117858887,1067
2020-02-28,2.6500000953674316,2.6500000953674316,2.549999952316284,2.549999952316284,2.5145010948181152,4940
2020-03-02,2.5,2.6500000953674316,2.450000047683716,2.450000047683716,2.415893316268921,16043
2020-03-03,2.3499999046325684,2.549999952316284,2.3499999046325684,2.5,2.4651970863342285,9339
2020-03-04,2.5999999046325684,2.5999999046325684,2.5,2.5999999046325684,2.563804864883423,2162
2020-03-05,2.549999952316284,2.549999952316284,2.549999952316284,2.549999952316284,2.5145010948181152,375
2020-03-06,2.549999952316284,2.549999952316284,2.5,2.5,2.4651970863342285,595
2020-03-09,2.5999999046325684,2.5999999046325684,2.4000000953674316,2.4000000953674316,2.366589307785034,6043
2020-03-11,2.4000000953674316,2.5,2.299999952316284,2.5,2.4651970863342285,1382
2020-03-12,2.5,2.5,2.4000000953674316,2.4000000953674316,2.366589307785034,6406
2020-03-13,2.4000000953674316,2.4000000953674316,2.3499999046325684,2.4000000953674316,2.366589307785034,13608
2020-03-16,2.4000000953674316,2.4000000953674316,2.299999952316284,2.299999952316284,2.2679812908172607,4311
2020-03-17,2.200000047683716,2.299999952316284,2.200000047683716,2.200000047683716,2.1693735122680664,4116
2020-03-18,2.0999999046325684,2.0999999046325684,2.0999999046325684,2.0999999046325684,2.070765495300293,18120
2020-03-19,2.0,2.0,2.0,2.0,1.9721577167510986,2606
2020-03-20,2.0,2.0999999046325684,1.899999976158142,2.0,1.9721577167510986,13633
2020-03-23,1.899999976158142,1.899999976158142,1.899999976158142,1.899999976158142,1.8735498189926147,3677
2020-03-24,1.899999976158142,1.899999976158142,1.850000023841858,1.850000023841858,1.8242459297180176,13030
2020-03-25,1.850000023841858,1.899999976158142,1.7999999523162842,1.899999976158142,1.8735498189926147,21185
2020-03-26,1.850000023841858,1.9500000476837158,1.850000023841858,1.9500000476837158,1.9228538274765015,2633
2020-03-27,1.9500000476837158,1.9500000476837158,1.899999976158142,1.899999976158142,1.8735498189926147,233
2020-03-30,1.899999976158142,1.899999976158142,1.850000023841858,1.899999976158142,1.8735498189926147,11697
2020-03-31,1.9500000476837158,1.9500000476837158,1.850000023841858,1.9500000476837158,1.9228538274765015,6834
2020-04-01,2.0,2.0,1.9500000476837158,2.0,1.9721577167510986,4767
2020-04-03,2.0999999046325684,2.0999999046325684,1.899999976158142,2.0999999046325684,2.070765495300293,11655
2020-04-07,2.1500000953674316,2.200000047683716,2.0,2.200000047683716,2.1693735122680664,21598
2020-04-08,2.299999952316284,2.299999952316284,2.0999999046325684,2.299999952316284,2.2679812908172607,10821
2020-04-09,2.299999952316284,2.299999952316284,2.200000047683716,2.200000047683716,2.1693735122680664,20131
2020-04-13,2.299999952316284,2.299999952316284,2.0999999046325684,2.25,2.218677520751953,12043
2020-04-15,2.299999952316284,2.3499999046325684,2.1500000953674316,2.25,2.218677520751953,16618
2020-04-16,2.3499999046325684,2.3499999046325684,2.1500000953674316,2.299999952316284,2.2679812908172607,5030
2020-04-17,2.299999952316284,2.3499999046325684,2.200000047683716,2.25,2.218677520751953,11665
2020-04-20,2.25,2.3499999046325684,2.1500000953674316,2.200000047683716,2.1693735122680664,44573
2020-04-21,2.200000047683716,2.299999952316284,2.1500000953674316,2.299999952316284,2.2679812908172607,13107
2020-04-22,2.299999952316284,2.4000000953674316,2.25,2.3499999046325684,2.3172852993011475,6630
2020-04-23,2.3499999046325684,2.450000047683716,2.25,2.3499999046325684,2.3172852993011475,37872
2020-04-24,2.4000000953674316,2.4000000953674316,2.25,2.3499999046325684,2.3172852993011475,12998
2020-04-27,2.4000000953674316,2.450000047683716,2.299999952316284,2.450000047683716,2.415893316268921,8730
2020-04-28,2.549999952316284,2.549999952316284,2.4000000953674316,2.549999952316284,2.5145010948181152,26801
2020-04-29,2.6500000953674316,2.6500000953674316,2.450000047683716,2.5,2.4651970863342285,32813
2020-04-30,2.4000000953674316,2.5999999046325684,2.4000000953674316,2.5,2.4651970863342285,5591
2020-05-04,2.5,2.5999999046325684,2.4000000953674316,2.4000000953674316,2.366589307785034,15870
2020-05-05,2.5,2.5,2.4000000953674316,2.4000000953674316,2.366589307785034,6015
2020-05-06,2.4000000953674316,2.5,2.4000000953674316,2.450000047683716,2.415893316268921,892
2020-05-07,2.3499999046325684,2.549999952316284,2.3499999046325684,2.4000000953674316,2.366589307785034,2928
2020-05-08,2.450000047683716,2.450000047683716,2.299999952316284,2.3499999046325684,2.3172852993011475,9848
2020-05-11,2.299999952316284,2.450000047683716,2.299999952316284,2.299999952316284,2.2679812908172607,8959
2020-05-12,2.299999952316284,2.4000000953674316,2.299999952316284,2.4000000953674316,2.366589307785034,2653
2020-05-13,2.4000000953674316,2.5,2.299999952316284,2.3499999046325684,2.3172852993011475,5361
2020-05-14,2.25,2.450000047683716,2.25,2.4000000953674316,2.366589307785034,4073
2020-05-15,2.450000047683716,2.5,2.299999952316284,2.3499999046325684,2.3172852993011475,6007
2020-05-18,2.25,2.450000047683716,2.25,2.450000047683716,2.415893316268921,16423
2020-05-19,2.549999952316284,2.549999952316284,2.549999952316284,2.549999952316284,2.5145010948181152,4871
2020-05-20,2.6500000953674316,2.6500000953674316,2.6500000953674316,2.6500000953674316,2.6131091117858887,6839
2020-05-21,2.75,2.75,2.75,2.75,2.711716890335083,2974
2020-05-22,2.75,2.8499999046325684,2.75,2.799999952316284,2.7610206604003906,31867
2020-05-26,2.9000000953674316,2.9000000953674316,2.700000047683716,2.9000000953674316,2.859628677368164,31918
2020-05-27,3.0,3.0,2.799999952316284,3.0,2.9582366943359375,40809
2020-05-28,3.0,3.1500000953674316,2.8499999046325684,3.1500000953674316,3.1061484813690186,51194
2020-05-29,3.299999952316284,3.299999952316284,3.25,3.299999952316284,3.2540602684020996,8786
2020-06-01,3.4000000953674316,3.450000047683716,3.4000000953674316,3.450000047683716,3.4019720554351807,10537
2020-06-02,3.5999999046325684,3.5999999046325684,3.5999999046325684,3.5999999046325684,3.5498838424682617,1799
2020-06-03,3.75,3.75,3.6500000953674316,3.75,3.6977956295013428,30003
2020-06-04,3.9000000953674316,3.9000000953674316,3.5999999046325684,3.5999999046325684,3.5498838424682617,21775
2020-06-05,3.75,3.75,3.450000047683716,3.450000047683716,3.4019720554351807,22223
2020-06-08,3.450000047683716,3.5,3.299999952316284,3.5,3.4512760639190674,33946
2020-06-09,3.5,3.6500000953674316,3.3499999046325684,3.5999999046325684,3.5498838424682617,58106
2020-06-10,3.6500000953674316,3.700000047683716,3.5,3.700000047683716,3.648491859436035,18123
2020-06-11,3.700000047683716,3.75,3.549999952316284,3.75,3.6977956295013428,18874
2020-06-12,3.75,3.75,3.5999999046325684,3.700000047683716,3.648491859436035,15641
2020-06-15,3.75,3.799999952316284,3.549999952316284,3.75,3.6977956295013428,34018
2020-06-16,3.5999999046325684,3.8499999046325684,3.5999999046325684,3.5999999046325684,3.5498838424682617,41298
2020-06-17,3.5,3.700000047683716,3.5,3.6500000953674316,3.5991878509521484,24366
2020-06-18,3.700000047683716,3.799999952316284,3.5,3.5,3.4512760639190674,36828
2020-06-19,3.6500000953674316,3.6500000953674316,3.4000000953674316,3.450000047683716,3.4019720554351807,19188
2020-06-22,3.549999952316284,3.549999952316284,3.299999952316284,3.549999952316284,3.500579833984375,41020
2020-06-23,3.549999952316284,3.6500000953674316,3.4000000953674316,3.5,3.4512760639190674,32768
2020-06-24,3.5999999046325684,3.5999999046325684,3.4000000953674316,3.5,3.4512760639190674,29272
2020-06-25,3.450000047683716,3.5,3.3499999046325684,3.450000047683716,3.4019720554351807,11581
2020-06-26,3.5999999046325684,3.5999999046325684,3.5999999046325684,3.5999999046325684,3.5498838424682617,15218
2020-06-29,3.75,3.75,3.5999999046325684,3.75,3.6977956295013428,79629
2020-06-30,3.9000000953674316,3.9000000953674316,3.9000000953674316,3.9000000953674316,3.845707654953003,9326
2020-07-01,4.050000190734863,4.050000190734863,3.75,4.0,3.9443154335021973,57693
2020-07-02,3.9000000953674316,4.0,3.799999952316284,3.8499999046325684,3.796403408050537,27856
2020-07-03,3.950000047683716,3.950000047683716,3.700000047683716,3.8499999046325684,3.796403408050537,23563
2020-07-06,3.700000047683716,3.950000047683716,3.700000047683716,3.700000047683716,3.648491859436035,32046
2020-07-07,3.549999952316284,3.8499999046325684,3.549999952316284,3.5999999046325684,3.5498838424682617,33825
2020-07-08,3.5,3.75,3.450000047683716,3.6500000953674316,3.5991878509521484,35171
2020-07-09,3.75,3.799999952316284,3.5,3.75,3.6977956295013428,32211
2020-07-10,3.6500000953674316,3.75,3.5999999046325684,3.5999999046325684,3.5498838424682617,13634
2020-07-13,3.6500000953674316,3.6500000953674316,3.450000047683716,3.450000047683716,3.4019720554351807,14856
2020-07-14,3.299999952316284,3.5999999046325684,3.299999952316284,3.3499999046325684,3.3033640384674072,48044
2020-07-15,3.200000047683716,3.5,3.200000047683716,3.25,3.204756259918213,39619
2020-07-16,3.4000000953674316,3.4000000953674316,3.1500000953674316,3.3499999046325684,3.3033640384674072,5307
2020-07-17,3.200000047683716,3.5,3.200000047683716,3.299999952316284,3.2540602684020996,16812
2020-07-20,3.1500000953674316,3.450000047683716,3.1500000953674316,3.450000047683716,3.4019720554351807,24717
2020-07-21,3.450000047683716,3.450000047683716,3.299999952316284,3.4000000953674316,3.352668285369873,20479
2020-07-22,3.4000000953674316,3.5,3.25,3.5,3.4512760639190674,15155
2020-07-23,3.3499999046325684,3.5999999046325684,3.3499999046325684,3.4000000953674316,3.352668285369873,2962
2020-07-24,3.25,3.549999952316284,3.25,3.4000000953674316,3.352668285369873,2550
2020-07-27,3.25,3.549999952316284,3.25,3.4000000953674316,3.352668285369873,6173
2020-07-28,3.25,3.450000047683716,3.25,3.450000047683716,3.4019720554351807,19262
2020-07-29,3.299999952316284,3.5,3.299999952316284,3.299999952316284,3.2540602684020996,9369
2020-07-30,3.1500000953674316,3.450000047683716,3.1500000953674316,3.200000047683716,3.1554524898529053,6763
2020-07-31,3.3499999046325684,3.3499999046325684,3.049999952316284,3.049999952316284,3.007540464401245,11011
2020-08-03,3.049999952316284,3.200000047683716,3.049999952316284,3.0999999046325684,3.056844472885132,6661
2020-08-04,3.0999999046325684,3.25,3.049999952316284,3.0999999046325684,3.056844472885132,4569
2020-08-05,3.0999999046325684,3.25,3.049999952316284,3.1500000953674316,3.1061484813690186,19403
2020-08-06,3.299999952316284,3.299999952316284,3.0,3.200000047683716,3.1554524898529053,22601
2020-08-07,3.200000047683716,3.3499999046325684,3.049999952316284,3.0999999046325684,3.056844472885132,62555
2020-08-10,3.0999999046325684,3.25,3.0,3.25,3.204756259918213,55101
2020-08-11,3.25,3.25,3.0999999046325684,3.25,3.204756259918213,8164
2020-08-12,3.0999999046325684,3.4000000953674316,3.0999999046325684,3.25,3.204756259918213,13584
2020-08-13,3.25,3.4000000953674316,3.25,3.4000000953674316,3.352668285369873,25119
2020-08-14,3.549999952316284,3.549999952316284,3.5,3.549999952316284,3.500579833984375,28470
2020-08-17,3.6500000953674316,3.700000047683716,3.4000000953674316,3.5999999046325684,3.5498838424682617,10956
2020-08-18,3.5999999046325684,3.75,3.450000047683716,3.450000047683716,3.4019720554351807,26057
2020-08-19,3.4000000953674316,3.5999999046325684,3.299999952316284,3.3499999046325684,3.3033640384674072,55847
2020-08-20,3.450000047683716,3.450000047683716,3.200000047683716,3.25,3.204756259918213,107179
2020-08-21,3.25,3.4000000953674316,3.200000047683716,3.299999952316284,3.2540602684020996,37161
2020-08-24,3.450000047683716,3.450000047683716,3.200000047683716,3.4000000953674316,3.352668285369873,60058
2020-08-25,3.450000047683716,3.549999952316284,3.299999952316284,3.549999952316284,3.500579833984375,87834
2020-08-26,3.700000047683716,3.700000047683716,3.700000047683716,3.700000047683716,3.648491859436035,28606
2020-08-27,3.8499999046325684,3.8499999046325684,3.549999952316284,3.5999999046325684,3.5498838424682617,39869
2020-08-28,3.700000047683716,3.75,3.549999952316284,3.75,3.6977956295013428,62223
2020-08-31,3.9000000953674316,3.9000000953674316,3.799999952316284,3.9000000953674316,3.845707654953003,59581
2020-09-01,3.9000000953674316,4.050000190734863,3.75,4.050000190734863,3.993619680404663,58740
2020-09-02,4.199999809265137,4.25,3.950000047683716,4.199999809265137,4.141530990600586,39682
2020-09-03,4.349999904632568,4.349999904632568,4.0,4.199999809265137,4.141530990600586,24451
2020-09-04,4.349999904632568,4.349999904632568,4.0,4.0,3.9443154335021973,72737
2020-09-07,4.199999809265137,4.199999809265137,4.150000095367432,4.199999809265137,4.141530990600586,86391
2020-09-08,4.400000095367432,4.400000095367432,4.199999809265137,4.400000095367432,4.338747024536133,114563
2020-09-09,4.5,4.550000190734863,4.199999809265137,4.400000095367432,4.338747024536133,60486
2020-09-10,4.550000190734863,4.599999904632568,4.300000190734863,4.599999904632568,4.5359625816345215,56987
2020-09-11,4.800000190734863,4.800000190734863,4.800000190734863,4.800000190734863,4.733178615570068,52571
2020-09-14,5.0,5.0,4.800000190734863,5.0,4.930394172668457,103222
2020-09-15,5.25,5.25,5.0,5.050000190734863,4.979698657989502,101260
2020-09-16,5.300000190734863,5.300000190734863,4.849999904632568,5.099999904632568,5.0290021896362305,107592
2020-09-17,5.199999809265137,5.199999809265137,4.849999904632568,4.849999904632568,4.782482147216797,84367
2020-09-18,4.949999809265137,4.949999809265137,4.650000095367432,4.650000095367432,4.585266590118408,19712
2020-09-21,4.650000095367432,4.650000095367432,4.449999809265137,4.449999809265137,4.388050556182861,45280
2020-09-22,4.349999904632568,4.5,4.25,4.25,4.190834999084473,28999
2020-09-23,4.050000190734863,4.449999809265137,4.050000190734863,4.300000190734863,4.240139484405518,81610
2020-09-24,4.099999904632568,4.449999809265137,4.099999904632568,4.199999809265137,4.141530990600586,20109
2020-09-25,4.099999904632568,4.400000095367432,4.099999904632568,4.400000095367432,4.338747024536133,10350
2020-09-28,4.599999904632568,4.599999904632568,4.199999809265137,4.199999809265137,4.141530990600586,16037
2020-09-29,4.050000190734863,4.300000190734863,4.0,4.050000190734863,3.993619680404663,43238
2020-09-30,4.25,4.25,4.0,4.050000190734863,3.993619680404663,5736
2020-10-01,4.25,4.25,3.8499999046325684,3.950000047683716,3.8950114250183105,33621
2020-10-05,4.050000190734863,4.099999904632568,3.799999952316284,3.950000047683716,3.8950114250183105,51574
2020-10-06,4.0,4.099999904632568,3.950000047683716,4.099999904632568,4.042923450469971,23531
2020-10-07,4.199999809265137,4.25,3.9000000953674316,3.950000047683716,3.8950114250183105,37087
2020-10-08,4.0,4.099999904632568,3.799999952316284,3.9000000953674316,3.845707654953003,41461
2020-10-09,3.9000000953674316,3.9000000953674316,3.75,3.8499999046325684,3.796403408050537,32569
2020-10-12,3.9000000953674316,3.950000047683716,3.700000047683716,3.75,3.6977956295013428,29429
2020-10-13,3.700000047683716,3.700000047683716,3.5999999046325684,3.5999999046325684,3.5498838424682617,23886
2020-10-14,3.5999999046325684,3.700000047683716,3.450000047683716,3.5,3.4512760639190674,43505
2020-10-15,3.5,3.6500000953674316,3.3499999046325684,3.5999999046325684,3.5498838424682617,134443
2020-10-16,3.5999999046325684,3.75,3.5,3.75,3.6977956295013428,7387
2020-10-19,3.8499999046325684,3.9000000953674316,3.75,3.9000000953674316,3.845707654953003,11796
2020-10-20,4.050000190734863,4.050000190734863,3.8499999046325684,4.050000190734863,3.993619680404663,46543
2020-10-21,4.199999809265137,4.199999809265137,3.950000047683716,4.099999904632568,4.042923450469971,43470
2020-10-22,4.0,4.150000095367432,3.9000000953674316,3.9000000953674316,3.845707654953003,46872
2020-10-23,4.050000190734863,4.050000190734863,3.75,3.950000047683716,3.8950114250183105,19846
2020-10-26,3.9000000953674316,4.099999904632568,3.799999952316284,3.8499999046325684,3.796403408050537,19133
2020-10-27,3.950000047683716,4.0,3.700000047683716,3.799999952316284,3.7470996379852295,128301
2020-10-28,3.9000000953674316,3.950000047683716,3.75,3.9000000953674316,3.845707654953003,19416
2020-10-29,4.0,4.0,3.75,3.799999952316284,3.7470996379852295,22816
2020-10-30,3.9000000953674316,3.9000000953674316,3.6500000953674316,3.799999952316284,3.7470996379852295,41266
2020-11-02,3.799999952316284,3.9000000953674316,3.700000047683716,3.799999952316284,3.7470996379852295,9080
2020-11-03,3.9000000953674316,3.9000000953674316,3.700000047683716,3.700000047683716,3.648491859436035,11327
2020-11-04,3.700000047683716,3.8499999046325684,3.5999999046325684,3.8499999046325684,3.796403408050537,6144
2020-11-05,3.8499999046325684,3.9000000953674316,3.75,3.799999952316284,3.7470996379852295,10263
2020-11-06,3.799999952316284,3.9000000953674316,3.700000047683716,3.799999952316284,3.7470996379852295,85275
2020-11-09,3.8499999046325684,3.950000047683716,3.799999952316284,3.9000000953674316,3.845707654953003,30058
2020-11-10,3.950000047683716,3.950000047683716,3.75,3.75,3.6977956295013428,24247
2020-11-11,3.8499999046325684,3.8499999046325684,3.700000047683716,3.75,3.6977956295013428,9263
2020-11-12,3.8499999046325684,3.8499999046325684,3.700000047683716,3.700000047683716,3.648491859436035,15564
2020-11-13,3.75,3.799999952316284,3.5999999046325684,3.799999952316284,3.7470996379852295,21462
2020-11-14,3.799999952316284,3.950000047683716,3.6500000953674316,3.75,3.6977956295013428,37326
2020-11-17,3.75,3.9000000953674316,3.700000047683716,3.9000000953674316,3.845707654953003,37432
2020-11-18,3.75,4.050000190734863,3.75,3.9000000953674316,3.845707654953003,70845
2020-11-19,3.9000000953674316,3.9000000953674316,3.75,3.75,3.6977956295013428,114246
2020-11-20,3.75,3.8499999046325684,3.5999999046325684,3.799999952316284,3.7470996379852295,14388
2020-11-23,3.9000000953674316,3.9000000953674316,3.6500000953674316,3.799999952316284,3.7470996379852295,25163
2020-11-24,3.700000047683716,3.8499999046325684,3.700000047683716,3.799999952316284,3.7470996379852295,19773
2020-11-25,3.75,3.950000047683716,3.700000047683716,3.950000047683716,3.8950114250183105,84626
2020-11-26,4.050000190734863,4.050000190734863,3.799999952316284,3.950000047683716,3.8950114250183105,77623
2020-11-27,4.050000190734863,4.050000190734863,3.799999952316284,3.9000000953674316,3.845707654953003,33214
2020-12-01,3.75,4.0,3.75,4.0,3.9443154335021973,92059
2020-12-02,4.150000095367432,4.199999809265137,4.050000190734863,4.099999904632568,4.042923450469971,127884
2020-12-03,4.199999809265137,4.300000190734863,4.0,4.300000190734863,4.240139484405518,174845
2020-12-04,4.449999809265137,4.5,4.300000190734863,4.5,4.437355041503906,103885
2020-12-07,4.949999809265137,4.949999809265137,4.849999904632568,4.949999809265137,4.88109016418457,140530
2020-12-08,5.400000095367432,5.400000095367432,5.199999809265137,5.400000095367432,5.324825763702393,170759
2020-12-09,5.900000095367432,5.900000095367432,5.800000190734863,5.900000095367432,5.817865371704102,98426
2020-12-10,6.150000095367432,6.150000095367432,6.099999904632568,6.150000095367432,6.064384937286377,121403
2020-12-11,6.449999809265137,6.449999809265137,6.199999809265137,6.449999809265137,6.360208511352539,183601
2020-12-14,6.75,6.75,6.75,6.75,6.656032085418701,25554
2020-12-15,7.050000190734863,7.050000190734863,7.050000190734863,7.050000190734863,6.9518561363220215,46524
2020-12-16,7.400000095367432,7.400000095367432,7.400000095367432,7.400000095367432,7.29698371887207,49051
2020-12-17,7.75,7.75,7.050000190734863,7.050000190734863,6.9518561363220215,157098
2020-12-18,6.699999809265137,6.699999809265137,6.699999809265137,6.699999809265137,6.6067280769348145,27866
2020-12-21,6.400000095367432,6.400000095367432,6.400000095367432,6.400000095367432,6.3109049797058105,35186
2020-12-22,6.199999809265137,6.199999809265137,6.099999904632568,6.099999904632568,6.01508092880249,13662
2020-12-23,5.800000190734863,6.400000095367432,5.800000190734863,5.849999904632568,5.768561363220215,390669
2020-12-24,5.800000190734863,5.949999809265137,5.599999904632568,5.75,5.669953346252441,155131
2020-12-28,5.75,6.0,5.75,6.0,5.916473388671875,180594
2020-12-29,6.300000190734863,6.300000190734863,6.099999904632568,6.199999809265137,6.113688945770264,156827
2020-12-30,6.199999809265137,6.5,5.900000095367432,6.5,6.409512519836426,173001
2020-12-31,6.699999809265137,6.800000190734863,6.349999904632568,6.550000190734863,6.4588165283203125,170908
2021-01-01,6.800000190734863,6.849999904632568,6.25,6.400000095367432,6.3109049797058105,251830
2021-01-04,6.550000190734863,6.699999809265137,6.5,6.699999809265137,6.6067280769348145,108358
2021-01-05,6.949999809265137,7.0,6.949999809265137,7.0,6.902552127838135,61770
2021-01-06,7.349999904632568,7.349999904632568,7.150000095367432,7.349999904632568,7.247679710388184,108598
2021-01-07,7.699999809265137,7.699999809265137,7.050000190734863,7.25,7.14907169342041,295753
2021-01-08,7.400000095367432,7.5,6.900000095367432,6.900000095367432,6.803944110870361,370880
2021-01-11,7.150000095367432,7.150000095367432,6.599999904632568,6.650000095367432,6.557424545288086,219782
2021-01-12,6.699999809265137,6.699999809265137,6.349999904632568,6.400000095367432,6.3109049797058105,179484
2021-01-13,6.150000095367432,6.550000190734863,6.150000095367432,6.300000190734863,6.212296962738037,88797
2021-01-14,6.5,6.5,6.050000190734863,6.099999904632568,6.01508092880249,84757
2021-01-15,6.25,6.25,5.849999904632568,6.050000190734863,5.965777397155762,106291
2021-01-18,6.150000095367432,6.150000095367432,5.800000190734863,5.900000095367432,5.817865371704102,99250
2021-01-19,6.050000190734863,6.150000095367432,5.75,5.949999809265137,5.86716890335083,86125
2021-01-20,6.050000190734863,6.099999904632568,5.949999809265137,6.050000190734863,5.965777397155762,45710
2021-01-21,5.849999904632568,6.25,5.800000190734863,5.900000095367432,5.817865371704102,100051
2021-01-22,6.0,6.099999904632568,5.699999809265137,5.949999809265137,5.86716890335083,54504
2021-01-25,5.849999904632568,6.099999904632568,5.800000190734863,5.849999904632568,5.768561363220215,45937
2021-01-27,5.900000095367432,5.949999809265137,5.599999904632568,5.599999904632568,5.522041320800781,70893
2021-01-28,5.550000190734863,5.849999904632568,5.349999904632568,5.800000190734863,5.719257354736328,44534
2021-01-29,6.0,6.050000190734863,5.75,6.050000190734863,5.965777397155762,52943
2021-02-01,6.300000190734863,6.349999904632568,5.800000190734863,5.949999809265137,5.86716890335083,95656
2021-02-02,5.949999809265137,6.150000095367432,5.75,5.849999904632568,5.768561363220215,40446
2021-02-03,5.849999904632568,5.949999809265137,5.599999904632568,5.650000095367432,5.571345806121826,131162
2021-02-04,5.599999904632568,5.800000190734863,5.449999809265137,5.5,5.423433780670166,86749
2021-02-05,5.900000095367432,5.900000095367432,5.400000095367432,5.75,5.669953346252441,50819
2021-02-08,5.900000095367432,6.0,5.400000095367432,5.900000095367432,5.817865371704102,69807
2021-02-09,6.099999904632568,6.400000095367432,5.900000095367432,6.199999809265137,6.113688945770264,236998
2021-02-10,6.0,6.449999809265137,5.75,6.150000095367432,6.064384937286377,102833
2021-02-11,5.75,6.099999904632568,5.75,6.0,5.916473388671875,34815
2021-02-12,6.400000095367432,6.400000095367432,5.699999809265137,5.949999809265137,5.86716890335083,48535
2021-02-15,5.75,6.25,5.650000095367432,6.0,5.916473388671875,106488
2021-02-16,6.0,6.0,5.599999904632568,5.900000095367432,5.817865371704102,69300
2021-02-17,6.300000190734863,6.300000190734863,5.449999809265137,5.800000190734863,5.719257354736328,63370
2021-02-18,5.650000095367432,5.900000095367432,5.599999904632568,5.699999809265137,5.620649337768555,62127
2021-02-19,5.900000095367432,5.900000095367432,5.650000095367432,5.699999809265137,5.620649337768555,22552
2021-02-22,5.699999809265137,5.849999904632568,5.25,5.400000095367432,5.324825763702393,85732
2021-02-23,5.5,5.75,5.0,5.550000190734863,5.472737789154053,72874
2021-02-24,5.699999809265137,6.0,5.300000190734863,5.550000190734863,5.472737789154053,61115
2021-02-25,5.900000095367432,5.949999809265137,5.5,5.650000095367432,5.571345806121826,10386
2021-02-26,5.699999809265137,5.800000190734863,5.150000095367432,5.599999904632568,5.522041320800781,144183
2021-03-01,5.800000190734863,5.800000190734863,5.300000190734863,5.449999809265137,5.374129772186279,68985
2021-03-02,5.650000095367432,5.800000190734863,5.349999904632568,5.400000095367432,5.324825763702393,137458
2021-03-03,5.650000095367432,5.650000095367432,5.349999904632568,5.5,5.423433780670166,68437
2021-03-04,5.5,5.550000190734863,5.349999904632568,5.400000095367432,5.324825763702393,49883
2021-03-05,5.400000095367432,5.599999904632568,5.400000095367432,5.5,5.423433780670166,26906
2021-03-08,5.699999809265137,5.699999809265137,5.150000095367432,5.400000095367432,5.324825763702393,109038
2021-03-09,5.599999904632568,5.599999904632568,5.300000190734863,5.349999904632568,5.275521755218506,36025
2021-03-10,5.5,5.5,5.150000095367432,5.449999809265137,5.374129772186279,26457
2021-03-12,5.699999809265137,5.699999809265137,5.300000190734863,5.5,5.423433780670166,73630
2021-03-15,5.349999904632568,5.650000095367432,5.300000190734863,5.550000190734863,5.472737789154053,181697
2021-03-16,5.650000095367432,5.650000095367432,5.400000095367432,5.449999809265137,5.374129772186279,47486
2021-03-17,5.449999809265137,5.599999904632568,5.400000095367432,5.449999809265137,5.374129772186279,55594
2021-03-18,5.599999904632568,5.650000095367432,5.150000095367432,5.300000190734863,5.226218223571777,21713
2021-03-19,5.5,5.5,5.050000190734863,5.199999809265137,5.127609729766846,79264
2021-03-22,5.300000190734863,5.449999809265137,5.199999809265137,5.300000190734863,5.226218223571777,41417
2021-03-23,5.199999809265137,5.550000190734863,5.199999809265137,5.349999904632568,5.275521755218506,14799
2021-03-24,5.550000190734863,5.699999809265137,5.25,5.5,5.423433780670166,55300
2021-03-25,5.400000095367432,5.699999809265137,5.050000190734863,5.300000190734863,5.226218223571777,72729
2021-03-26,5.349999904632568,5.5,5.150000095367432,5.349999904632568,5.275521755218506,82698
2021-03-30,5.550000190734863,5.550000190734863,5.199999809265137,5.300000190734863,5.226218223571777,39583
2021-03-31,5.5,5.5,5.199999809265137,5.199999809265137,5.127609729766846,25816
2021-04-01,5.400000095367432,5.449999809265137,5.199999809265137,5.349999904632568,5.275521755218506,52479
2021-04-05,5.449999809265137,5.800000190734863,5.150000095367432,5.5,5.423433780670166,170943
2021-04-06,5.900000095367432,5.900000095367432,5.300000190734863,5.5,5.423433780670166,68158
2021-04-07,5.599999904632568,5.949999809265137,5.449999809265137,5.849999904632568,5.768561363220215,184000
2021-04-08,6.0,6.900000095367432,5.650000095367432,5.900000095367432,5.817865371704102,167329
2021-04-09,6.349999904632568,6.349999904632568,5.900000095367432,6.050000190734863,5.965777397155762,75565
2021-04-12,6.25,6.25,5.349999904632568,5.599999904632568,5.522041320800781,71322
2021-04-13,5.5,6.199999809265137,5.5,5.949999809265137,5.86716890335083,133780
2021-04-15,5.699999809265137,6.0,5.550000190734863,5.599999904632568,5.522041320800781,108301
2021-04-16,5.949999809265137,5.949999809265137,5.25,5.5,5.423433780670166,109392
2021-04-19,5.699999809265137,5.699999809265137,5.300000190734863,5.5,5.423433780670166,25089
2021-04-20,5.650000095367432,5.650000095367432,5.0,5.349999904632568,5.275521755218506,76448
2021-04-22,5.599999904632568,5.599999904632568,5.150000095367432,5.449999809265137,5.374129772186279,37519
2021-04-23,5.550000190734863,5.550000190734863,5.199999809265137,5.449999809265137,5.374129772186279,67652
2021-04-26,5.599999904632568,5.599999904632568,5.199999809265137,5.5,5.423433780670166,14581
2021-04-27,5.349999904632568,5.599999904632568,5.199999809265137,5.349999904632568,5.275521755218506,61638
2021-04-28,5.550000190734863,5.599999904632568,5.349999904632568,5.349999904632568,5.275521755218506,53181
2021-04-29,5.400000095367432,5.550000190734863,5.25,5.400000095367432,5.324825763702393,28177
2021-04-30,5.550000190734863,5.599999904632568,5.400000095367432,5.599999904632568,5.522041320800781,35509
2021-05-03,5.550000190734863,6.0,5.300000190734863,5.800000190734863,5.719257354736328,97217
2021-05-04,5.949999809265137,6.0,5.300000190734863,5.599999904632568,5.522041320800781,205900
2021-05-05,5.550000190734863,5.949999809265137,5.550000190734863,5.75,5.669953346252441,59975
2021-05-06,5.699999809265137,5.949999809265137,5.699999809265137,5.849999904632568,5.768561363220215,98326
2021-05-07,5.900000095367432,6.0,5.75,5.900000095367432,5.817865371704102,59784
2021-05-10,6.0,7.050000190734863,5.75,7.050000190734863,6.9518561363220215,474692
2021-05-11,7.400000095367432,8.449999809265137,7.199999809265137,8.449999809265137,8.332365989685059,1628689
2021-05-12,9.199999809265137,9.25,8.949999809265137,9.25,9.12122917175293,1020264
2021-05-14,9.75,9.949999809265137,8.350000381469727,8.350000381469727,8.233758926391602,645089
2021-05-17,8.0,8.199999809265137,7.550000190734863,7.900000095367432,7.790022850036621,557319
2021-05-18,7.900000095367432,8.600000381469727,7.900000095367432,8.5,8.381669998168945,371353
2021-05-19,8.449999809265137,9.0,8.300000190734863,8.899999618530273,8.776101112365723,416568
2021-05-20,9.25,9.25,8.5,8.649999618530273,8.529582023620605,242833
2021-05-21,8.850000381469727,9.199999809265137,8.300000190734863,8.5,8.381669998168945,180998
2021-05-24,8.699999809265137,8.850000381469727,8.149999618530273,8.25,8.135150909423828,199362
2021-05-25,8.449999809265137,8.699999809265137,8.199999809265137,8.300000190734863,8.184454917907715,300551
2021-05-26,8.5,8.5,8.199999809265137,8.199999809265137,8.085846900939941,365041
2021-05-27,8.449999809265137,8.449999809265137,8.100000381469727,8.149999618530273,8.036541938781738,140998
2021-05-28,8.25,8.399999618530273,8.050000190734863,8.100000381469727,7.987239360809326,126191
2021-05-31,8.0,8.199999809265137,7.550000190734863,8.0,7.8886308670043945,131962
2021-06-01,8.0,8.0,7.75,7.849999904632568,7.740718841552734,95195
2021-06-02,7.800000190734863,7.800000190734863,7.400000095367432,7.5,7.3955912590026855,358628
2021-06-03,7.900000095367432,8.25,7.550000190734863,8.25,8.135150909423828,558422
2021-06-04,8.399999618530273,9.050000190734863,8.399999618530273,9.050000190734863,8.9240140914917,918847
2021-06-07,10.800000190734863,10.850000381469727,9.550000190734863,9.949999809265137,9.811484336853027,4531957
2021-06-08,10.5,10.5,9.199999809265137,9.949999809265137,9.811484336853027,2150420
2021-06-09,10.0,10.149999618530273,9.550000190734863,9.800000190734863,9.663573265075684,896301
2021-06-10,9.600000381469727,9.899999618530273,9.050000190734863,9.800000190734863,9.663573265075684,608230
2021-06-11,10.100000381469727,10.149999618530273,9.649999618530273,9.899999618530273,9.76218032836914,300839
2021-06-14,10.0,10.5,9.300000190734863,10.300000190734863,10.156612396240234,894868
2021-06-15,10.5,10.550000190734863,10.050000190734863,10.149999618530273,10.008700370788574,364172
2021-06-16,10.149999618530273,10.199999809265137,9.75,9.850000381469727,9.71287727355957,243687
2021-06-17,9.75,10.0,9.600000381469727,9.850000381469727,9.71287727355957,198038
2021-06-18,9.850000381469727,9.899999618530273,8.699999809265137,9.449999809265137,9.318445205688477,355386
2021-06-21,9.600000381469727,9.800000190734863,8.800000190734863,9.649999618530273,9.515660285949707,256767
2021-06-22,9.649999618530273,10.399999618530273,9.600000381469727,10.300000190734863,10.156612396240234,829398
2021-06-23,10.5,10.5,9.899999618530273,10.0,9.860788345336914,397041
2021-06-24,10.199999809265137,10.25,9.550000190734863,9.699999809265137,9.564964294433594,311169
2021-06-25,9.850000381469727,10.050000190734863,9.75,10.0,9.860788345336914,227135
2021-06-28,10.5,10.5,9.800000190734863,9.949999809265137,9.811484336853027,510464
2021-06-29,10.149999618530273,10.25,9.649999618530273,10.050000190734863,9.9100923538208,342687
2021-06-30,10.149999618530273,10.149999618530273,9.850000381469727,9.899999618530273,9.76218032836914,232344
2021-07-01,10.050000190734863,10.050000190734863,9.75,9.800000190734863,9.663573265075684,172984
2021-07-02,9.649999618530273,9.949999809265137,9.649999618530273,9.699999809265137,9.564964294433594,341503
2021-07-05,9.949999809265137,9.949999809265137,9.100000381469727,9.5,9.367749214172363,475231
2021-07-06,9.699999809265137,10.350000381469727,9.550000190734863,10.050000190734863,9.9100923538208,994105
2021-07-07,10.399999618530273,10.399999618530273,9.949999809265137,10.0,9.860788345336914,287552
2021-07-08,10.199999809265137,10.25,9.699999809265137,9.75,9.614269256591797,322242
2021-07-09,9.949999809265137,10.199999809265137,9.699999809265137,9.75,9.614269256591797,375568
2021-07-12,9.800000190734863,9.949999809265137,9.699999809265137,9.800000190734863,9.663573265075684,248600
2021-07-13,9.949999809265137,10.0,9.75,9.949999809265137,9.811484336853027,285989
2021-07-14,10.149999618530273,11.899999618530273,9.850000381469727,11.699999809265137,11.53712272644043,5206307
2021-07-15,12.649999618530273,14.0,12.550000190734863,14.0,13.80510425567627,5425357
2021-07-16,14.899999618530273,15.399999618530273,14.550000190734863,15.399999618530273,15.185613632202148,4118121
2021-07-19,16.600000381469727,16.899999618530273,16.100000381469727,16.899999618530273,16.664731979370117,1033681
2021-07-20,18.549999237060547,18.549999237060547,18.0,18.549999237060547,18.29176139831543,2078878
2021-07-22,19.450000762939453,19.450000762939453,19.450000762939453,19.450000762939453,19.179235458374023,376774
2021-07-23,20.299999237060547,20.350000381469727,18.5,18.5,18.24245834350586,1293591
2021-07-26,17.600000381469727,17.600000381469727,17.600000381469727,17.600000381469727,17.35498809814453,53547
2021-07-27,16.75,16.75,16.75,16.75,16.516820907592773,71399
2021-07-28,15.949999809265137,15.949999809265137,15.949999809265137,15.949999809265137,15.727957725524902,51059
2021-07-29,15.199999809265137,15.199999809265137,15.199999809265137,15.199999809265137,14.988398551940918,25074
2021-07-30,14.449999809265137,15.949999809265137,14.449999809265137,15.850000381469727,15.629350662231445,3987570
2021-08-02,16.149999618530273,16.149999618530273,15.100000381469727,15.100000381469727,14.889791488647461,1216842
2021-08-03,14.350000381469727,14.800000190734863,14.350000381469727,14.350000381469727,14.150232315063477,352249
2021-08-04,13.649999618530273,14.75,13.649999618530273,13.649999618530273,13.459976196289062,2048967
2021-08-05,13.0,14.300000190734863,13.0,14.300000190734863,14.10092830657959,1307206
2021-08-06,14.800000190734863,15.0,14.600000381469727,15.0,14.791182518005371,1010734
2021-08-09,15.75,15.75,15.75,15.75,15.530741691589355,248524
2021-08-10,16.5,16.5,15.0,15.0,14.791182518005371,3525799
2021-08-11,14.449999809265137,15.600000381469727,14.25,15.399999618530273,15.185613632202148,1136048
2021-08-12,16.100000381469727,16.100000381469727,15.550000190734863,15.649999618530273,15.432133674621582,1501636
2021-08-13,15.800000190734863,16.0,14.899999618530273,15.600000381469727,15.382830619812012,1549361
2021-08-16,14.850000381469727,14.850000381469727,14.850000381469727,14.850000381469727,14.643271446228027,173215
2021-08-17,14.149999618530273,14.149999618530273,14.149999618530273,14.149999618530273,13.953015327453613,24635
2021-08-18,13.550000190734863,14.5,13.449999809265137,13.5,13.312064170837402,364868
2021-08-20,13.449999809265137,13.449999809265137,12.850000381469727,12.899999618530273,12.720417022705078,1530526
2021-08-23,12.600000381469727,13.449999809265137,12.300000190734863,12.300000190734863,12.128769874572754,175773
2021-08-24,11.75,12.600000381469727,11.699999809265137,12.25,12.079465866088867,245377
2021-08-25,11.949999809265137,12.850000381469727,11.649999618530273,12.0,11.83294677734375,368741
2021-08-26,12.0,12.350000381469727,11.5,12.300000190734863,12.128769874572754,187887
2021-08-27,12.300000190734863,12.5,11.800000190734863,12.350000381469727,12.17807388305664,117509
2021-08-30,12.399999618530273,12.899999618530273,12.0,12.300000190734863,12.128769874572754,203361
2021-08-31,12.800000190734863,12.800000190734863,11.699999809265137,11.699999809265137,11.53712272644043,281077
2021-09-01,11.699999809265137,11.899999618530273,11.149999618530273,11.199999809265137,11.044082641601562,290242
2021-09-02,11.25,11.699999809265137,10.800000190734863,11.5,11.339906692504883,126506
2021-09-03,11.800000190734863,11.850000381469727,10.949999809265137,10.949999809265137,10.797563552856445,608905
2021-09-06,10.899999618530273,11.199999809265137,10.449999809265137,10.449999809265137,10.304523468017578,430544
2021-09-07,10.050000190734863,10.949999809265137,9.949999809265137,10.899999618530273,10.748259544372559,523458
2021-09-08,11.149999618530273,11.399999618530273,11.100000381469727,11.399999618530273,11.24129867553711,308039
2021-09-09,11.949999809265137,11.949999809265137,11.600000381469727,11.949999809265137,11.783641815185547,759191
2021-09-13,12.399999618530273,12.399999618530273,11.399999618530273,11.449999809265137,11.290602684020996,780840
2021-09-14,11.449999809265137,11.850000381469727,11.399999618530273,11.550000190734863,11.38921070098877,169840
2021-09-15,11.5,11.850000381469727,11.050000190734863,11.199999809265137,11.044082641601562,230154
2021-09-16,11.399999618530273,11.399999618530273,10.949999809265137,11.25,11.093387603759766,194735
2021-09-17,11.300000190734863,11.300000190734863,11.050000190734863,11.149999618530273,10.994778633117676,111920
2021-09-20,11.149999618530273,11.149999618530273,10.699999809265137,10.800000190734863,10.649651527404785,222459
2021-09-21,10.850000381469727,10.949999809265137,10.300000190734863,10.449999809265137,10.304523468017578,206987
2021-09-22,10.050000190734863,10.949999809265137,10.050000190734863,10.949999809265137,10.797563552856445,159641
2021-09-23,11.449999809265137,11.449999809265137,11.449999809265137,11.449999809265137,11.290602684020996,149639
2021-09-24,12.0,12.0,11.449999809265137,11.949999809265137,11.783641815185547,1866630
2021-09-27,12.5,12.5,12.0,12.5,12.3259859085083,579716
2021-09-28,13.100000381469727,13.100000381469727,13.100000381469727,13.100000381469727,12.917633056640625,124941
2021-09-29,13.75,13.75,13.75,13.75,13.558584213256836,97670
2021-09-30,14.399999618530273,14.399999618530273,14.399999618530273,14.399999618530273,14.199535369873047,107431
2021-10-01,15.100000381469727,15.100000381469727,13.699999809265137,13.949999809265137,13.755800247192383,2254528
2021-10-04,13.949999809265137,14.600000381469727,13.949999809265137,14.600000381469727,14.396751403808594,180154
2021-10-05,14.699999809265137,15.300000190734863,14.25,15.199999809265137,14.988398551940918,1124301
2021-10-06,15.850000381469727,15.899999618530273,14.449999809265137,14.5,14.29814338684082,587878
2021-10-07,14.600000381469727,14.850000381469727,13.800000190734863,13.800000190734863,13.607888221740723,564990
2021-10-08,13.850000381469727,14.300000190734863,13.800000190734863,14.149999618530273,13.953015327453613,197922
2021-10-11,14.300000190734863,14.800000190734863,13.550000190734863,14.149999618530273,13.953015327453613,298485
2021-10-12,13.699999809265137,14.5,13.699999809265137,14.050000190734863,13.854408264160156,121142
2021-10-13,14.050000190734863,14.050000190734863,13.75,13.949999809265137,13.755800247192383,164742
2021-10-14,14.100000381469727,14.550000190734863,13.899999618530273,14.300000190734863,14.10092830657959,260936
2021-10-18,14.350000381469727,14.5,13.800000190734863,13.899999618530273,13.70649528503418,359967
2021-10-19,14.199999809265137,14.399999618530273,13.550000190734863,14.149999618530273,13.953015327453613,349267
2021-10-20,14.100000381469727,14.100000381469727,13.449999809265137,13.449999809265137,13.262760162353516,388354
2021-10-21,13.949999809265137,13.949999809265137,12.850000381469727,13.0,12.819025039672852,273461
2021-10-22,13.0,13.399999618530273,12.399999618530273,12.449999809265137,12.276681900024414,166242
2021-10-25,12.699999809265137,12.850000381469727,12.0,12.050000190734863,11.882250785827637,197477
2021-10-26,11.850000381469727,12.5,11.850000381469727,12.399999618530273,12.227377891540527,103997
2021-10-27,12.649999618530273,13.0,12.050000190734863,12.75,12.572504997253418,248911
2021-10-28,13.0,13.149999618530273,12.149999618530273,12.199999809265137,12.03016185760498,184623
2021-10-29,12.600000381469727,12.600000381469727,11.800000190734863,12.199999809265137,12.03016185760498,79981
2021-11-01,12.5,12.800000190734863,12.300000190734863,12.800000190734863,12.621809959411621,121527
2021-11-02,13.399999618530273,13.399999618530273,13.399999618530273,13.399999618530273,13.213456153869629,40336
2021-11-03,14.050000190734863,14.050000190734863,12.899999618530273,13.050000190734863,12.868329048156738,435381
2021-11-04,13.699999809265137,13.699999809265137,13.399999618530273,13.649999618530273,13.459976196289062,113846
2021-11-08,13.949999809265137,14.050000190734863,13.399999618530273,13.550000190734863,13.361369132995605,208669
2021-11-09,13.949999809265137,13.949999809265137,13.300000190734863,13.5,13.312064170837402,143370
2021-11-10,13.699999809265137,13.949999809265137,13.100000381469727,13.800000190734863,13.607888221740723,263894
2021-11-11,14.149999618530273,14.149999618530273,13.300000190734863,13.449999809265137,13.262760162353516,299992
2021-11-12,14.0,14.0,13.399999618530273,13.850000381469727,13.65719223022461,153852
2021-11-15,14.100000381469727,14.100000381469727,13.25,13.350000381469727,13.164153099060059,140064
2021-11-16,13.649999618530273,13.649999618530273,12.699999809265137,12.949999809265137,12.769721031188965,378549
2021-11-17,13.25,13.25,12.800000190734863,12.949999809265137,12.769721031188965,72506
2021-11-18,13.0,13.0,12.399999618530273,12.449999809265137,12.276681900024414,197936
2021-11-22,12.449999809265137,12.699999809265137,11.850000381469727,11.850000381469727,11.68503475189209,240804
2021-11-23,11.449999809265137,12.300000190734863,11.399999618530273,11.949999809265137,11.783641815185547,266450
2021-11-24,12.199999809265137,12.5,11.600000381469727,12.449999809265137,12.276681900024414,276568
2021-11-25,12.899999618530273,13.0,11.899999618530273,12.100000381469727,11.931554794311523,467571
2021-11-26,12.0,12.399999618530273,11.5,11.75,11.586426734924316,244829
2021-11-29,11.449999809265137,12.0,11.199999809265137,11.699999809265137,11.53712272644043,232160
2021-11-30,11.649999618530273,12.25,11.149999618530273,11.25,11.093387603759766,425290
2021-12-01,11.199999809265137,11.699999809265137,10.699999809265137,10.850000381469727,10.698955535888672,444692
2021-12-02,11.199999809265137,11.350000381469727,10.800000190734863,11.350000381469727,11.191995620727539,126296
2021-12-03,11.899999618530273,11.899999618530273,11.25,11.899999618530273,11.73433780670166,98537
2021-12-06,12.449999809265137,12.449999809265137,12.449999809265137,12.449999809265137,12.276681900024414,56217
2021-12-07,13.649999618530273,13.649999618530273,13.100000381469727,13.649999618530273,13.459976196289062,739144
2021-12-08,13.300000190734863,13.449999809265137,12.399999618530273,13.050000190734863,12.868329048156738,655999
2021-12-09,13.25,13.600000381469727,12.899999618530273,13.350000381469727,13.164153099060059,339100
2021-12-10,13.550000190734863,13.850000381469727,13.100000381469727,13.449999809265137,13.262760162353516,253848
2021-12-13,13.649999618530273,13.850000381469727,13.5,13.699999809265137,13.50928020477295,237392
2021-12-14,13.800000190734863,13.800000190734863,13.25,13.350000381469727,13.164153099060059,153500
2021-12-15,13.600000381469727,14.649999618530273,13.100000381469727,14.5,14.29814338684082,1184368
2021-12-16,15.199999809265137,15.399999618530273,14.199999809265137,14.550000190734863,14.347447395324707,603686
2021-12-17,14.899999618530273,14.899999618530273,13.300000190734863,14.0,13.80510425567627,452620
2021-12-20,13.199999809265137,15.149999618530273,12.899999618530273,13.850000381469727,13.65719223022461,334930
2021-12-21,13.850000381469727,14.199999809265137,13.399999618530273,13.600000381469727,13.410673141479492,128207
2021-12-22,13.75,14.399999618530273,13.300000190734863,14.0,13.80510425567627,356342
2021-12-23,14.199999809265137,14.600000381469727,13.75,14.300000190734863,14.10092830657959,205024
2021-12-24,14.600000381469727,14.649999618530273,14.0,14.100000381469727,13.903712272644043,454464
2021-12-27,13.600000381469727,14.649999618530273,13.600000381469727,14.350000381469727,14.150232315063477,409481
2021-12-28,14.800000190734863,15.75,14.399999618530273,15.75,15.530741691589355,1003598
2021-12-29,16.200000762939453,17.299999237060547,16.0,17.299999237060547,17.05916404724121,1427238
2021-12-30,19.0,19.0,16.549999237060547,18.149999618530273,17.89733123779297,1974536
2021-12-31,18.799999237060547,18.799999237060547,17.25,17.399999618530273,17.157772064208984,960166
2022-01-03,17.899999618530273,17.899999618530273,17.200000762939453,17.25,17.00986099243164,552578
2022-01-04,17.5,17.5,16.399999618530273,16.549999237060547,16.319604873657227,744541
2022-01-05,16.700000762939453,17.299999237060547,16.0,17.0,16.76333999633789,443875
2022-01-06,17.299999237060547,17.299999237060547,16.350000381469727,16.899999618530273,16.664731979370117,401484
2022-01-07,17.299999237060547,17.700000762939453,17.25,17.700000762939453,17.453596115112305,703742
2022-01-10,18.299999237060547,18.549999237060547,18.299999237060547,18.549999237060547,18.29176139831543,507968
2022-01-11,19.399999618530273,19.450000762939453,17.649999618530273,17.799999237060547,17.552202224731445,799759
2022-01-12,17.899999618530273,18.450000762939453,16.950000762939453,17.100000381469727,16.861948013305664,669161
2022-01-13,17.200000762939453,17.649999618530273,16.600000381469727,17.100000381469727,16.861948013305664,283015
2022-01-14,17.0,17.399999618530273,16.649999618530273,17.100000381469727,16.861948013305664,324347
2022-01-17,17.25,17.950000762939453,17.0,17.899999618530273,17.65081024169922,491928
2022-01-18,18.450000762939453,18.700000762939453,18.0,18.350000381469727,18.094547271728516,615879
2022-01-19,19.200000762939453,19.25,18.25,18.649999618530273,18.390369415283203,446560
2022-01-20,18.649999618530273,19.0,17.75,17.75,17.502899169921875,647478
2022-01-21,17.399999618530273,18.600000381469727,17.0,17.799999237060547,17.552202224731445,659970
2022-01-24,18.399999618530273,18.5,17.149999618530273,17.25,17.00986099243164,606497
2022-01-25,17.0,18.0,16.700000762939453,17.649999618530273,17.4042911529541,428773
2022-01-27,18.5,18.5,18.25,18.5,18.24245834350586,686668
2022-01-28,19.399999618530273,19.399999618530273,19.399999618530273,19.399999618530273,19.129928588867188,350757
2022-01-31,20.350000381469727,20.350000381469727,20.350000381469727,20.350000381469727,20.06670570373535,324167
2022-02-01,21.350000381469727,21.350000381469727,19.399999618530273,21.25,20.95417594909668,1745256
2022-02-02,21.799999237060547,21.799999237060547,20.200000762939453,20.200000762939453,19.918794631958008,1508523
2022-02-03,20.200000762939453,21.200000762939453,19.5,20.850000381469727,20.559743881225586,1248566
2022-02-04,21.299999237060547,21.600000381469727,20.899999618530273,21.200000762939453,20.90487289428711,576043
2022-02-07,21.5,21.5,19.25,20.399999618530273,20.116008758544922,707709
2022-02-08,21.0,21.0,19.100000381469727,19.600000381469727,19.327146530151367,388905
2022-02-09,19.899999618530273,20.0,19.100000381469727,19.25,18.982017517089844,294312
2022-02-10,19.25,20.450000762939453,19.0,19.399999618530273,19.129928588867188,390554
2022-02-11,19.299999237060547,19.350000381469727,18.450000762939453,18.899999618530273,18.636890411376953,266886
2022-02-14,20.149999618530273,20.75,18.950000762939453,19.149999618530273,18.88340950012207,3691188
2022-02-15,20.75,20.75,18.950000762939453,20.0,19.721576690673828,1374895
2022-02-16,20.75,21.149999618530273,20.399999618530273,20.75,20.461135864257812,1485554
2022-02-17,21.5,21.5,19.25,20.049999237060547,19.7708797454834,909087
2022-02-18,19.950000762939453,20.0,18.899999618530273,18.950000762939453,18.686195373535156,875662
2022-02-21,18.299999237060547,18.450000762939453,17.299999237060547,17.700000762939453,17.453596115112305,923695
2022-02-22,17.0,18.100000381469727,16.200000762939453,17.850000381469727,17.60150718688965,827630
2022-02-23,18.5,18.950000762939453,18.299999237060547,18.600000381469727,18.341066360473633,624107
2022-02-24,18.399999618530273,18.399999618530273,16.75,16.799999237060547,16.566123962402344,1385864
2022-02-25,17.5,18.200000762939453,17.149999618530273,17.899999618530273,17.65081024169922,613791
2022-02-28,18.5,19.0,17.5,18.899999618530273,18.636890411376953,801281
2022-03-02,19.0,20.25,18.850000381469727,19.549999237060547,19.277841567993164,1042198
2022-03-03,20.399999618530273,21.25,19.850000381469727,20.149999618530273,19.869487762451172,1042582
2022-03-04,20.450000762939453,20.5,19.0,19.799999237060547,19.52436065673828,472498
2022-03-07,19.399999618530273,19.799999237060547,18.799999237060547,19.0,18.735498428344727,561476
2022-03-08,18.549999237060547,19.600000381469727,18.549999237060547,19.299999237060547,19.031320571899414,339198
2022-03-09,19.950000762939453,20.049999237060547,19.100000381469727,19.450000762939453,19.179235458374023,609752
2022-03-10,19.850000381469727,20.200000762939453,19.399999618530273,19.5,19.228538513183594,573037
2022-03-11,19.600000381469727,19.899999618530273,19.399999618530273,19.5,19.228538513183594,561903
2022-03-14,19.850000381469727,19.950000762939453,19.100000381469727,19.350000381469727,19.080625534057617,286668
2022-03-15,19.75,19.75,19.0,19.100000381469727,18.8341064453125,265331
2022-03-16,19.5,19.5,19.100000381469727,19.25,18.982017517089844,143627
2022-03-17,19.649999618530273,19.649999618530273,19.25,19.600000381469727,19.327146530151367,230203
2022-03-21,19.600000381469727,20.200000762939453,19.100000381469727,19.149999618530273,18.88340950012207,697015
2022-03-22,19.25,19.5,18.0,19.100000381469727,18.8341064453125,403408
2022-03-23,19.350000381469727,19.350000381469727,18.549999237060547,19.100000381469727,18.8341064453125,157268
2022-03-24,18.700000762939453,19.25,18.399999618530273,18.75,18.48897933959961,447348
2022-03-25,18.899999618530273,20.600000381469727,18.649999618530273,20.600000381469727,20.31322479248047,2416051
2022-03-28,22.600000381469727,22.649999618530273,21.75,22.649999618530273,22.334686279296875,1646569
2022-03-29,24.899999618530273,24.899999618530273,24.899999618530273,24.899999618530273,24.553363800048828,1620072
2022-03-30,26.100000381469727,26.100000381469727,26.100000381469727,26.100000381469727,25.736658096313477,760479
2022-03-31,27.399999618530273,27.399999618530273,24.799999237060547,24.799999237060547,24.454755783081055,3447887
2022-04-01,23.600000381469727,24.899999618530273,23.600000381469727,23.600000381469727,23.271461486816406,2726027
2022-04-04,23.75,24.75,23.75,24.75,24.40545082092285,672696
2022-04-05,25.950000762939453,25.950000762939453,25.950000762939453,25.950000762939453,25.588747024536133,569542
2022-04-06,26.5,27.200000762939453,25.5,27.200000762939453,26.821346282958984,1589467
2022-04-07,28.549999237060547,28.549999237060547,26.149999618530273,28.549999237060547,28.152549743652344,1970442
2022-04-08,29.100000381469727,29.950000762939453,28.399999618530273,29.950000762939453,29.533061981201172,1487546
2022-04-11,31.399999618530273,31.399999618530273,31.399999618530273,31.399999618530273,30.962875366210938,229062
2022-04-12,32.95000076293945,32.95000076293945,32.95000076293945,32.95000076293945,32.49129867553711,333239
2022-04-13,34.54999923706055,34.54999923706055,31.600000381469727,34.54999923706055,34.06902313232422,3251639
2022-04-18,35.5,36.25,33.099998474121094,36.25,35.745357513427734,3620035
2022-04-19,38.0,38.04999923706055,34.45000076293945,34.45000076293945,33.97041702270508,3721910
2022-04-20,32.75,35.0,32.75,32.75,32.29408264160156,2589948
2022-04-21,31.149999618530273,32.75,31.149999618530273,32.400001525878906,31.948957443237305,2626332
2022-04-22,31.149999618530273,32.900001525878906,30.799999237060547,30.799999237060547,30.371227264404297,995998
2022-04-25,29.549999237060547,29.899999618530273,29.299999237060547,29.299999237060547,28.892108917236328,821393
2022-04-26,28.299999237060547,30.75,27.850000381469727,28.399999618530273,28.004638671875,2889469
2022-04-27,28.0,28.0,27.0,27.0,26.624128341674805,785346
2022-04-28,26.5,28.350000381469727,26.149999618530273,28.350000381469727,27.95533561706543,433365
2022-04-29,29.399999618530273,29.75,29.049999237060547,29.75,29.335845947265625,246303
2022-05-02,30.399999618530273,31.200000762939453,29.950000762939453,31.200000762939453,30.765661239624023,1828072
2022-05-04,32.20000076293945,32.54999923706055,29.649999618530273,29.649999618530273,29.23723793029785,1067827
2022-05-05,29.649999618530273,30.899999618530273,28.200000762939453,28.200000762939453,27.807424545288086,525261
2022-05-06,27.25,27.799999237060547,26.799999237060547,27.350000381469727,26.969257354736328,591014
2022-05-09,27.100000381469727,28.700000762939453,26.0,26.0,25.638050079345703,716282
2022-05-10,25.549999237060547,27.200000762939453,24.700000762939453,24.700000762939453,24.35614776611328,944909
2022-05-11,24.200000762939453,24.899999618530273,23.5,23.5,23.172853469848633,663652
2022-05-12,22.600000381469727,23.450000762939453,22.350000381469727,22.350000381469727,22.038862228393555,763907
2022-05-13,22.649999618530273,23.450000762939453,22.350000381469727,23.100000381469727,22.77842140197754,792817
2022-05-16,23.799999237060547,23.799999237060547,21.950000762939453,22.200000762939453,21.89095115661621,783539
2022-05-17,22.799999237060547,23.299999237060547,22.75,23.0,22.679813385009766,1214458
2022-05-18,24.149999618530273,24.149999618530273,24.149999618530273,24.149999618530273,23.813804626464844,274913
2022-05-19,25.350000381469727,25.350000381469727,24.149999618530273,25.350000381469727,24.997098922729492,571858
2022-05-20,26.600000381469727,26.600000381469727,26.600000381469727,26.600000381469727,26.229698181152344,94958
2022-05-23,27.899999618530273,27.899999618530273,27.899999618530273,27.899999618530273,27.511600494384766,145303
2022-05-24,29.25,29.25,26.549999237060547,26.549999237060547,26.18039321899414,2072704
2022-05-25,27.0,27.450000762939453,25.25,25.25,24.89849090576172,534532
2022-05-26,24.899999618530273,26.5,24.0,26.399999618530273,26.032482147216797,760911
2022-05-27,27.0,27.350000381469727,25.100000381469727,25.25,24.89849090576172,518188
2022-05-30,25.799999237060547,25.950000762939453,24.299999237060547,24.5,24.158931732177734,415669
2022-05-31,25.350000381469727,25.5,24.299999237060547,24.899999618530273,24.553363800048828,399820
2022-06-01,25.200000762939453,25.5,23.700000762939453,23.75,23.41937255859375,608755
2022-06-02,23.600000381469727,24.899999618530273,23.5,24.850000381469727,24.504060745239258,441992
2022-06-03,25.600000381469727,25.649999618530273,24.0,24.299999237060547,23.961715698242188,366553
2022-06-06,24.700000762939453,24.700000762939453,23.600000381469727,23.950000762939453,23.616588592529297,230192
2022-06-07,23.950000762939453,24.149999618530273,23.200000762939453,23.899999618530273,23.567283630371094,298244
2022-06-08,24.149999618530273,24.5,22.75,22.75,22.43329429626465,568729
2022-06-09,21.950000762939453,23.850000381469727,21.950000762939453,23.299999237060547,22.975637435913086,924622
2022-06-10,22.799999237060547,23.450000762939453,22.200000762939453,23.049999237060547,22.729116439819336,558362
2022-06-13,22.950000762939453,22.950000762939453,21.899999618530273,21.899999618530273,21.59512710571289,517353
2022-06-14,21.200000762939453,22.200000762939453,20.850000381469727,20.850000381469727,20.559743881225586,1301727
2022-06-15,20.649999618530273,21.799999237060547,20.25,21.450000762939453,21.151391983032227,558983
2022-06-16,21.799999237060547,22.5,20.450000762939453,20.899999618530273,20.609046936035156,806276
2022-06-17,20.850000381469727,20.850000381469727,19.899999618530273,19.899999618530273,19.622968673706055,623189
2022-06-20,19.899999618530273,20.450000762939453,18.950000762939453,18.950000762939453,18.686195373535156,450286
2022-06-21,18.950000762939453,19.850000381469727,18.350000381469727,19.850000381469727,19.573665618896484,378109
2022-06-22,20.350000381469727,20.799999237060547,19.5,20.799999237060547,20.510438919067383,728361
2022-06-23,21.200000762939453,21.75,19.799999237060547,19.850000381469727,19.573665618896484,1084863
2022-06-24,20.399999618530273,20.399999618530273,19.399999618530273,20.100000381469727,19.8201847076416,345027
2022-06-27,20.5,20.5,19.75,20.0,19.721576690673828,276058
2022-06-28,20.049999237060547,20.399999618530273,19.5,20.049999237060547,19.7708797454834,208467
2022-06-29,20.200000762939453,20.200000762939453,19.100000381469727,19.649999618530273,19.376449584960938,382614
2022-06-30,19.75,20.25,19.0,19.649999618530273,19.376449584960938,433321
2022-07-01,19.950000762939453,20.0,19.299999237060547,19.600000381469727,19.327146530151367,163587
2022-07-04,19.950000762939453,20.149999618530273,19.649999618530273,20.049999237060547,19.7708797454834,266012
2022-07-05,20.350000381469727,20.399999618530273,20.0,20.200000762939453,19.918794631958008,226320
2022-07-06,20.450000762939453,20.5,19.600000381469727,19.700000762939453,19.42575454711914,220222
2022-07-07,19.799999237060547,20.399999618530273,19.5,20.25,19.968097686767578,303775
2022-07-08,20.450000762939453,20.5,20.049999237060547,20.149999618530273,19.869487762451172,181001
2022-07-11,20.149999618530273,20.25,19.850000381469727,20.25,19.968097686767578,257653
2022-07-12,20.450000762939453,21.25,19.5,21.25,20.95417594909668,521698
2022-07-13,21.75,22.299999237060547,21.700000762939453,22.299999237060547,21.98955726623535,200734
2022-07-14,23.0,23.399999618530273,22.75,23.399999618530273,23.07424545288086,357227
2022-07-15,24.149999618530273,24.450000762939453,22.25,22.299999237060547,21.98955726623535,1296090
2022-07-18,22.75,23.100000381469727,21.850000381469727,23.0,22.679813385009766,461038
2022-07-19,23.399999618530273,23.700000762939453,22.649999618530273,23.299999237060547,22.975637435913086,434401
2022-07-20,23.75,24.450000762939453,23.25,24.450000762939453,24.109628677368164,1036798
2022-07-21,24.299999237060547,24.549999237060547,23.399999618530273,23.75,23.41937255859375,665802
2022-07-22,23.950000762939453,24.299999237060547,23.299999237060547,24.0,23.6658935546875,427596
2022-07-25,24.0,24.299999237060547,23.5,23.700000762939453,23.37006950378418,377449
2022-07-26,23.75,23.75,22.549999237060547,22.549999237060547,22.2360782623291,464555
2022-07-27,22.25,22.799999237060547,21.799999237060547,22.450000762939453,22.137470245361328,242631
2022-07-28,22.950000762939453,23.399999618530273,22.5,22.700000762939453,22.383991241455078,203186
2022-07-29,22.5,23.25,22.200000762939453,22.600000381469727,22.285383224487305,373329
2022-08-01,22.950000762939453,22.950000762939453,21.850000381469727,22.700000762939453,22.383991241455078,612110
2022-08-02,22.899999618530273,23.799999237060547,21.600000381469727,21.799999237060547,21.496519088745117,2276478
2022-08-03,20.850000381469727,21.0,20.75,20.75,20.461135864257812,1531602
2022-08-04,19.75,21.75,19.75,21.450000762939453,21.151391983032227,1901566
2022-08-05,21.450000762939453,21.899999618530273,20.350000381469727,20.549999237060547,20.263919830322266,759657
2022-08-08,21.0,22.600000381469727,20.649999618530273,22.350000381469727,22.038862228393555,1083106
2022-08-10,22.899999618530273,23.0,21.549999237060547,22.5,22.18677520751953,756251
2022-08-11,22.75,23.5,22.149999618530273,22.850000381469727,22.531902313232422,825179
2022-08-12,22.850000381469727,22.950000762939453,21.549999237060547,22.100000381469727,21.792343139648438,482505
2022-08-16,22.5,23.0,21.700000762939453,21.899999618530273,21.59512710571289,511446
2022-08-17,22.25,22.25,21.75,21.950000762939453,21.644432067871094,266307
2022-08-18,21.899999618530273,22.25,21.649999618530273,21.799999237060547,21.496519088745117,304041
2022-08-19,22.149999618530273,22.149999618530273,21.700000762939453,21.950000762939453,21.644432067871094,267806
2022-08-22,21.950000762939453,21.950000762939453,21.200000762939453,21.549999237060547,21.249998092651367,338544
2022-08-23,21.5,21.700000762939453,20.950000762939453,21.450000762939453,21.450000762939453,330994
2022-08-24,21.649999618530273,21.649999618530273,20.700000762939453,21.25,21.25,303593
2022-08-25,21.649999618530273,21.899999618530273,21.149999618530273,21.600000381469727,21.600000381469727,230893
2022-08-26,21.649999618530273,22.600000381469727,21.399999618530273,21.850000381469727,21.850000381469727,362461
2022-08-29,21.25,21.799999237060547,21.049999237060547,21.649999618530273,21.649999618530273,235368
2022-08-30,21.5,22.049999237060547,21.450000762939453,21.649999618530273,21.649999618530273,207063
2022-09-01,21.850000381469727,21.850000381469727,21.450000762939453,21.600000381469727,21.600000381469727,188501
2022-09-02,21.850000381469727,22.200000762939453,21.600000381469727,21.850000381469727,21.850000381469727,478460
2022-09-05,22.399999618530273,22.5,21.450000762939453,22.299999237060547,22.299999237060547,508067
2022-09-06,22.399999618530273,24.5,22.0,22.600000381469727,22.600000381469727,1341256
2022-09-07,22.799999237060547,23.25,22.600000381469727,22.75,22.75,396929
2022-09-08,23.0,23.549999237060547,22.700000762939453,23.200000762939453,23.200000762939453,634258
2022-09-09,23.700000762939453,25.350000381469727,23.200000762939453,24.799999237060547,24.799999237060547,2598523
2022-09-12,25.950000762939453,26.799999237060547,25.200000762939453,25.649999618530273,25.649999618530273,1492376
2022-09-13,27.25,27.25,25.700000762939453,26.049999237060547,26.049999237060547,1152769
2022-09-14,25.5,25.600000381469727,25.0,25.149999618530273,25.149999618530273,648387
2022-09-15,25.950000762939453,26.399999618530273,25.049999237060547,26.149999618530273,26.149999618530273,826000
2022-09-16,26.350000381469727,26.700000762939453,24.600000381469727,25.5,25.5,841545
2022-09-19,25.5,26.149999618530273,24.899999618530273,24.950000762939453,24.950000762939453,505496
2022-09-20,25.450000762939453,25.450000762939453,24.5,24.600000381469727,24.600000381469727,374811
2022-09-21,24.799999237060547,24.799999237060547,23.899999618530273,24.25,24.25,393391
2022-09-22,24.200000762939453,24.75,23.799999237060547,24.450000762939453,24.450000762939453,444902
2022-09-23,24.450000762939453,24.75,24.100000381469727,24.25,24.25,338637
2022-09-26,23.600000381469727,23.899999618530273,22.299999237060547,22.799999237060547,22.799999237060547,636698
2022-09-27,22.600000381469727,24.5,22.5,23.549999237060547,23.549999237060547,463116
2022-09-28,23.799999237060547,23.799999237060547,22.5,22.75,22.75,344068
2022-09-29,23.299999237060547,23.450000762939453,22.5,22.700000762939453,22.700000762939453,332777
2022-09-30,23.149999618530273,23.149999618530273,22.299999237060547,22.850000381469727,22.850000381469727,314592
2022-10-03,23.049999237060547,23.25,22.200000762939453,22.950000762939453,22.950000762939453,300934
2022-10-04,23.100000381469727,23.350000381469727,22.649999618530273,23.049999237060547,23.049999237060547,176550
2022-10-06,23.25,23.5,22.75,23.299999237060547,23.299999237060547,321412
2022-10-07,23.200000762939453,23.5,23.049999237060547,23.399999618530273,23.399999618530273,176464
2022-10-10,23.850000381469727,23.850000381469727,22.5,22.799999237060547,22.799999237060547,452514
2022-10-11,23.149999618530273,23.25,22.399999618530273,22.549999237060547,22.549999237060547,158472
2022-10-12,22.950000762939453,23.200000762939453,22.549999237060547,22.700000762939453,22.700000762939453,176717
2022-10-13,22.950000762939453,22.950000762939453,22.200000762939453,22.350000381469727,22.350000381469727,167363
2022-10-14,23.200000762939453,23.200000762939453,22.100000381469727,22.25,22.25,313265
2022-10-17,22.100000381469727,22.450000762939453,21.700000762939453,21.899999618530273,21.899999618530273,162428
2022-10-18,22.0,22.450000762939453,21.899999618530273,21.950000762939453,21.950000762939453,92122
2022-10-19,22.399999618530273,22.399999618530273,21.899999618530273,21.950000762939453,21.950000762939453,110213
2022-10-20,22.0,22.25,21.799999237060547,22.049999237060547,22.049999237060547,153784
2022-10-21,22.649999618530273,22.649999618530273,22.0,22.149999618530273,22.149999618530273,159738
2022-10-24,22.950000762939453,22.950000762939453,22.100000381469727,22.350000381469727,22.350000381469727,149712
2022-10-25,22.950000762939453,22.950000762939453,22.149999618530273,22.5,22.5,169513
2022-10-27,23.0,23.0,22.149999618530273,22.350000381469727,22.350000381469727,171160
2022-10-28,22.600000381469727,22.600000381469727,21.649999618530273,21.850000381469727,21.850000381469727,189492
2022-10-31,22.399999618530273,22.399999618530273,21.899999618530273,22.100000381469727,22.100000381469727,186050
2022-11-01,22.100000381469727,22.399999618530273,22.100000381469727,22.25,22.25,192299
2022-11-02,22.5,22.700000762939453,22.25,22.5,22.5,195640
2022-11-03,22.549999237060547,24.549999237060547,22.299999237060547,23.299999237060547,23.299999237060547,478119
2022-11-04,23.25,23.25,22.049999237060547,22.799999237060547,22.799999237060547,295241
2022-11-07,23.399999618530273,23.899999618530273,22.649999618530273,23.350000381469727,23.350000381469727,460667
2022-11-09,23.5,24.25,23.200000762939453,23.299999237060547,23.299999237060547,362733
2022-11-10,23.700000762939453,23.700000762939453,22.899999618530273,23.25,23.25,175415
2022-11-11,23.25,23.75,22.850000381469727,23.0,23.0,160216
2022-11-14,23.25,23.399999618530273,22.649999618530273,22.950000762939453,22.950000762939453,200437
2022-11-15,22.100000381469727,22.5,21.700000762939453,21.899999618530273,21.899999618530273,452212
2022-11-16,21.950000762939453,22.100000381469727,21.700000762939453,21.850000381469727,21.850000381469727,166898
2022-11-17,22.0,22.600000381469727,21.850000381469727,22.299999237060547,22.299999237060547,364000
2022-11-18,22.25,22.299999237060547,21.950000762939453,22.0,22.0,298721
2022-11-21,22.25,22.350000381469727,21.799999237060547,22.0,22.0,192859
2022-11-22,22.25,22.350000381469727,21.75,21.799999237060547,21.799999237060547,254592
2022-11-23,22.0,22.25,21.600000381469727,21.649999618530273,21.649999618530273,189981
2022-11-24,22.049999237060547,22.049999237060547,21.350000381469727,21.600000381469727,21.600000381469727,241257
2022-11-25,21.850000381469727,21.850000381469727,21.399999618530273,21.600000381469727,21.600000381469727,245835
2022-11-28,21.700000762939453,22.399999618530273,21.5,21.950000762939453,21.950000762939453,467324
2022-11-29,22.049999237060547,22.299999237060547,21.649999618530273,21.75,21.75,281444
2022-11-30,22.299999237060547,22.299999237060547,21.600000381469727,21.75,21.75,200506
2022-12-01,22.0,22.0,21.75,21.850000381469727,21.850000381469727,178599
2022-12-02,21.799999237060547,21.950000762939453,21.549999237060547,21.850000381469727,21.850000381469727,142317
2022-12-05,22.200000762939453,22.200000762939453,21.899999618530273,22.100000381469727,22.100000381469727,320068
2022-12-06,22.200000762939453,23.0,21.950000762939453,22.450000762939453,22.450000762939453,599461
2022-12-07,22.25,22.600000381469727,21.899999618530273,22.0,22.0,189074
2022-12-08,22.200000762939453,22.350000381469727,22.0,22.049999237060547,22.049999237060547,186555
2022-12-09,22.350000381469727,22.399999618530273,21.700000762939453,21.799999237060547,21.799999237060547,289760
2022-12-12,22.0,22.25,21.649999618530273,21.950000762939453,21.950000762939453,227257
2022-12-13,21.950000762939453,22.25,21.600000381469727,21.700000762939453,21.700000762939453,300305
2022-12-14,21.850000381469727,21.899999618530273,21.600000381469727,21.649999618530273,21.649999618530273,177248
2022-12-15,21.850000381469727,21.950000762939453,21.450000762939453,21.600000381469727,21.600000381469727,189340
2022-12-16,21.850000381469727,21.850000381469727,21.399999618530273,21.450000762939453,21.450000762939453,184307
2022-12-19,21.600000381469727,21.75,21.200000762939453,21.5,21.5,166027
2022-12-20,21.799999237060547,21.799999237060547,21.25,21.649999618530273,21.649999618530273,119491
2022-12-21,21.950000762939453,22.0,20.5,20.75,20.75,228814
2022-12-22,20.5,21.600000381469727,19.200000762939453,19.799999237060547,19.799999237060547,366107
2022-12-23,19.75,19.75,18.299999237060547,18.450000762939453,18.450000762939453,435312
2022-12-26,18.25,20.149999618530273,18.149999618530273,20.0,20.0,268816
2022-12-27,20.399999618530273,20.799999237060547,20.149999618530273,20.700000762939453,20.700000762939453,139162
2022-12-28,20.700000762939453,20.950000762939453,20.200000762939453,20.450000762939453,20.450000762939453,109398
2022-12-29,20.700000762939453,20.75,20.049999237060547,20.450000762939453,20.450000762939453,127938
2022-12-30,20.5,22.950000762939453,20.5,22.049999237060547,22.049999237060547,1497316
2023-01-02,22.399999618530273,22.899999618530273,22.0,22.350000381469727,22.350000381469727,409120
2023-01-03,22.5,22.5,21.899999618530273,22.049999237060547,22.049999237060547,293443
2023-01-04,22.200000762939453,22.200000762939453,21.25,21.399999618530273,21.399999618530273,237889
2023-01-05,21.850000381469727,21.850000381469727,21.0,21.200000762939453,21.200000762939453,134319
2023-01-06,21.399999618530273,21.399999618530273,20.799999237060547,21.049999237060547,21.049999237060547,182589
2023-01-09,21.950000762939453,21.950000762939453,21.100000381469727,21.200000762939453,21.200000762939453,174829
2023-01-10,21.450000762939453,21.450000762939453,20.799999237060547,20.899999618530273,20.899999618530273,99727
2023-01-11,20.899999618530273,21.200000762939453,20.700000762939453,20.850000381469727,20.850000381469727,122030
2023-01-12,21.049999237060547,21.100000381469727,20.700000762939453,20.850000381469727,20.850000381469727,126175
2023-01-13,20.950000762939453,21.100000381469727,20.799999237060547,20.950000762939453,20.950000762939453,65155
2023-01-16,21.100000381469727,21.100000381469727,20.600000381469727,20.799999237060547,20.799999237060547,101398
2023-01-17,20.799999237060547,21.0,20.100000381469727,20.649999618530273,20.649999618530273,143120
2023-01-18,20.799999237060547,20.850000381469727,20.299999237060547,20.700000762939453,20.700000762939453,101857
2023-01-19,20.200000762939453,20.799999237060547,20.200000762939453,20.600000381469727,20.600000381469727,97747
2023-01-20,20.799999237060547,20.850000381469727,20.299999237060547,20.450000762939453,20.450000762939453,155534
2023-01-23,20.700000762939453,20.700000762939453,19.950000762939453,20.200000762939453,20.200000762939453,211657
2023-01-24,20.549999237060547,20.700000762939453,20.0,20.049999237060547,20.049999237060547,113214
2023-01-25,20.25,20.399999618530273,19.799999237060547,20.0,20.0,175713
2023-01-27,20.450000762939453,20.450000762939453,19.25,19.799999237060547,19.799999237060547,182667
2023-01-30,20.200000762939453,20.399999618530273,19.649999618530273,19.850000381469727,19.850000381469727,132375
2023-01-31,19.700000762939453,20.399999618530273,19.5,20.299999237060547,20.299999237060547,130959
2023-02-01,20.950000762939453,20.950000762939453,19.0,19.450000762939453,19.450000762939453,272689
2023-02-02,20.100000381469727,20.549999237060547,19.5,19.649999618530273,19.649999618530273,214831
2023-02-03,20.0,20.0,18.5,19.399999618530273,19.399999618530273,284541
2023-02-06,19.350000381469727,19.799999237060547,18.75,19.049999237060547,19.049999237060547,160731
2023-02-07,19.399999618530273,19.399999618530273,18.100000381469727,18.649999618530273,18.649999618530273,392156
2023-02-08,18.899999618530273,19.200000762939453,18.149999618530273,18.299999237060547,18.299999237060547,311996
2023-02-09,18.549999237060547,19.25,18.299999237060547,19.0,19.0,221633
2023-02-10,19.149999618530273,19.200000762939453,18.5,18.600000381469727,18.600000381469727,215907
2023-02-13,19.0,19.200000762939453,18.299999237060547,18.600000381469727,18.600000381469727,125981
2023-02-14,19.049999237060547,19.049999237060547,18.399999618530273,18.5,18.5,94542
2023-02-15,18.850000381469727,18.850000381469727,18.200000762939453,18.600000381469727,18.600000381469727,82223
2023-02-16,19.0,19.0,18.299999237060547,18.75,18.75,122239
2023-02-17,18.75,19.450000762939453,18.600000381469727,19.100000381469727,19.100000381469727,172012
2023-02-20,19.5,19.600000381469727,18.600000381469727,18.700000762939453,18.700000762939453,183858
2023-02-21,18.700000762939453,18.950000762939453,18.200000762939453,18.399999618530273,18.399999618530273,94425
2023-02-22,18.399999618530273,18.600000381469727,18.100000381469727,18.25,18.25,117131
2023-02-23,18.049999237060547,18.649999618530273,18.0,18.200000762939453,18.200000762939453,82021
2023-02-24,18.149999618530273,18.700000762939453,18.100000381469727,18.149999618530273,18.149999618530273,84016
2023-02-27,18.200000762939453,18.450000762939453,16.600000381469727,17.549999237060547,17.549999237060547,250989
2023-02-28,17.25,17.75,16.799999237060547,17.450000762939453,17.450000762939453,153401
2023-03-01,17.5,18.299999237060547,17.200000762939453,17.899999618530273,17.899999618530273,122505
2023-03-02,18.200000762939453,18.200000762939453,17.350000381469727,17.450000762939453,17.450000762939453,365930
2023-03-03,17.450000762939453,17.950000762939453,17.450000762939453,17.649999618530273,17.649999618530273,146713
2023-03-06,17.75,18.049999237060547,17.350000381469727,17.549999237060547,17.549999237060547,206890
2023-03-08,17.549999237060547,17.899999618530273,17.399999618530273,17.600000381469727,17.600000381469727,223001
2023-03-09,18.0,18.25,17.649999618530273,18.200000762939453,18.200000762939453,245136
2023-03-10,18.200000762939453,18.399999618530273,18.0,18.100000381469727,18.100000381469727,125058
2023-03-13,18.100000381469727,18.350000381469727,17.5,17.600000381469727,17.600000381469727,185860
2023-03-14,17.399999618530273,18.0,17.0,17.450000762939453,17.450000762939453,165558
2023-03-15,17.950000762939453,18.299999237060547,17.350000381469727,17.600000381469727,17.600000381469727,243394
2023-03-16,18.0,18.0,17.299999237060547,17.450000762939453,17.450000762939453,161837
2023-03-17,17.399999618530273,17.850000381469727,17.200000762939453,17.25,17.25,248944
2023-03-20,17.25,17.700000762939453,16.899999618530273,17.25,17.25,243609
2023-03-21,17.5,17.799999237060547,17.299999237060547,17.5,17.5,72803
2023-03-22,17.5,18.5,17.399999618530273,17.649999618530273,17.649999618530273,250835
2023-03-23,17.700000762939453,18.200000762939453,17.5,17.899999618530273,17.899999618530273,240556
2023-03-24,17.899999618530273,17.899999618530273,17.5,17.5,17.5,173778
2023-03-27,17.700000762939453,17.700000762939453,17.0,17.049999237060547,17.049999237060547,187646
2023-03-28,16.75,17.399999618530273,15.300000190734863,16.25,16.25,322157
2023-03-29,15.649999618530273,16.25,15.5,15.800000190734863,15.800000190734863,232999
2023-03-31,15.649999618530273,16.75,15.649999618530273,16.5,16.5,210532
2023-04-03,17.299999237060547,17.600000381469727,16.899999618530273,17.399999618530273,17.399999618530273,164878
2023-04-05,17.5,17.700000762939453,17.100000381469727,17.399999618530273,17.399999618530273,102773
2023-04-06,17.5,18.200000762939453,17.399999618530273,18.0,18.0,210597
2023-04-10,18.5,18.5,17.649999618530273,17.799999237060547,17.799999237060547,201897
2023-04-11,18.200000762939453,18.200000762939453,17.549999237060547,17.649999618530273,17.649999618530273,100876
2023-04-12,17.600000381469727,17.899999618530273,17.25,17.75,17.75,86040
2023-04-13,17.899999618530273,18.0,17.5,17.75,17.75,48081
2023-04-17,17.950000762939453,18.200000762939453,17.200000762939453,17.649999618530273,17.649999618530273,135232
2023-04-18,17.649999618530273,17.950000762939453,17.5,17.649999618530273,17.649999618530273,51655
2023-04-19,17.5,18.149999618530273,17.5,17.75,17.75,89458
2023-04-20,18.0,18.0,17.799999237060547,17.899999618530273,17.899999618530273,86206
2023-04-21,18.0,18.049999237060547,17.649999618530273,17.799999237060547,17.799999237060547,75062
2023-04-24,17.75,18.0,17.399999618530273,17.5,17.5,128552
2023-04-25,17.5,17.75,17.350000381469727,17.5,17.5,58599
2023-04-26,17.200000762939453,17.899999618530273,17.200000762939453,17.5,17.5,82649
2023-04-27,17.850000381469727,17.899999618530273,17.399999618530273,17.600000381469727,17.600000381469727,112529
2023-04-28,17.799999237060547,18.649999618530273,17.200000762939453,18.149999618530273,18.149999618530273,379905
2023-05-02,18.149999618530273,19.5,18.149999618530273,18.850000381469727,18.850000381469727,467294
2023-05-03,19.100000381469727,19.600000381469727,18.75,19.049999237060547,19.049999237060547,287894
2023-05-04,19.350000381469727,19.350000381469727,19.0,19.049999237060547,19.049999237060547,158870
2023-05-05,19.299999237060547,19.299999237060547,18.850000381469727,19.0,19.0,116934
2023-05-08,19.25,19.25,18.75,18.899999618530273,18.899999618530273,122097
2023-05-09,19.200000762939453,19.299999237060547,18.899999618530273,18.950000762939453,18.950000762939453,205968
2023-05-10,19.100000381469727,19.200000762939453,18.549999237060547,18.850000381469727,18.850000381469727,107153
2023-05-11,18.899999618530273,19.149999618530273,18.600000381469727,19.0,19.0,149249
2023-05-12,19.100000381469727,19.100000381469727,18.549999237060547,18.850000381469727,18.850000381469727,120227
2023-05-15,18.850000381469727,18.950000762939453,18.600000381469727,18.649999618530273,18.649999618530273,89238
2023-05-16,18.899999618530273,18.899999618530273,18.549999237060547,18.649999618530273,18.649999618530273,98290
2023-05-17,18.799999237060547,18.899999618530273,18.549999237060547,18.600000381469727,18.600000381469727,63153
2023-05-18,18.649999618530273,18.75,18.5,18.5,18.5,72591
2023-05-19,18.700000762939453,18.700000762939453,18.100000381469727,18.149999618530273,18.149999618530273,138331
2023-05-22,18.399999618530273,18.399999618530273,17.549999237060547,17.600000381469727,17.600000381469727,311936
2023-05-23,17.600000381469727,17.850000381469727,17.100000381469727,17.299999237060547,17.299999237060547,185422
2023-05-24,17.350000381469727,17.649999618530273,17.200000762939453,17.549999237060547,17.549999237060547,141877
2023-05-25,17.450000762939453,17.649999618530273,17.350000381469727,17.450000762939453,17.450000762939453,80027
2023-05-26,17.450000762939453,17.700000762939453,17.399999618530273,17.600000381469727,17.600000381469727,147373
2023-05-29,17.75,17.899999618530273,17.5,17.75,17.75,166935
2023-05-30,17.700000762939453,17.75,17.149999618530273,17.299999237060547,17.299999237060547,228909
2023-05-31,17.100000381469727,17.450000762939453,17.100000381469727,17.399999618530273,17.399999618530273,77283
2023-06-01,17.450000762939453,17.700000762939453,17.200000762939453,17.450000762939453,17.450000762939453,141637
2023-06-02,17.399999618530273,17.600000381469727,17.200000762939453,17.350000381469727,17.350000381469727,127959
2023-06-05,17.5,17.549999237060547,17.149999618530273,17.25,17.25,132325
2023-06-06,17.350000381469727,18.5,17.25,18.200000762939453,18.200000762939453,323311
2023-06-07,18.299999237060547,19.399999618530273,18.200000762939453,18.899999618530273,18.899999618530273,481197
2023-06-08,19.0,19.299999237060547,18.25,18.350000381469727,18.350000381469727,408008
2023-06-09,18.25,19.0,18.25,18.75,18.75,149160
2023-06-12,18.75,18.950000762939453,18.350000381469727,18.450000762939453,18.450000762939453,147787
2023-06-13,18.350000381469727,18.399999618530273,18.149999618530273,18.25,18.25,247015
2023-06-14,18.350000381469727,21.5,18.25,19.799999237060547,19.799999237060547,1692033
2023-06-15,20.149999618530273,21.25,19.799999237060547,20.350000381469727,20.350000381469727,1140818
2023-06-16,20.5,21.0,20.299999237060547,20.450000762939453,20.450000762939453,384713
2023-06-19,20.549999237060547,20.549999237060547,20.0,20.100000381469727,20.100000381469727,286066
2023-06-20,20.0,20.200000762939453,19.350000381469727,19.5,19.5,281200
2023-06-21,19.649999618530273,19.950000762939453,19.25,19.350000381469727,19.350000381469727,196183
2023-06-22,19.350000381469727,19.799999237060547,18.799999237060547,19.100000381469727,19.100000381469727,209569
2023-06-23,19.200000762939453,19.5,18.600000381469727,18.75,18.75,154489
2023-06-26,18.600000381469727,19.100000381469727,18.5,18.799999237060547,18.799999237060547,244045
2023-06-27,18.799999237060547,19.200000762939453,18.799999237060547,18.950000762939453,18.950000762939453,109057
2023-06-28,18.75,19.100000381469727,18.549999237060547,18.700000762939453,18.700000762939453,94520
2023-06-30,18.75,20.200000762939453,18.600000381469727,19.600000381469727,19.600000381469727,619344
2023-07-03,19.700000762939453,20.299999237060547,19.200000762939453,19.350000381469727,19.350000381469727,344344
2023-07-04,19.350000381469727,19.75,19.049999237060547,19.299999237060547,19.299999237060547,145970
2023-07-05,19.399999618530273,19.799999237060547,19.049999237060547,19.549999237060547,19.549999237060547,199835
2023-07-06,19.799999237060547,20.049999237060547,19.399999618530273,19.649999618530273,19.649999618530273,286826
2023-07-07,19.649999618530273,19.899999618530273,19.25,19.399999618530273,19.399999618530273,162701
2023-07-10,19.399999618530273,19.700000762939453,19.299999237060547,19.549999237060547,19.549999237060547,172360
2023-07-11,19.549999237060547,20.25,19.549999237060547,19.700000762939453,19.700000762939453,188579
2023-07-12,19.75,19.799999237060547,19.200000762939453,19.299999237060547,19.299999237060547,160409
2023-07-13,19.299999237060547,19.450000762939453,18.950000762939453,19.149999618530273,19.149999618530273,246879
2023-07-14,19.200000762939453,19.950000762939453,19.0,19.450000762939453,19.450000762939453,259953
2023-07-17,19.549999237060547,21.350000381469727,19.299999237060547,20.899999618530273,20.899999618530273,1509244
2023-07-18,21.5,21.799999237060547,20.299999237060547,20.649999618530273,20.649999618530273,787045
2023-07-19,20.799999237060547,20.950000762939453,20.100000381469727,20.450000762939453,20.450000762939453,295019
2023-07-20,20.149999618530273,20.799999237060547,20.100000381469727,20.200000762939453,20.200000762939453,220068
2023-07-21,20.049999237060547,20.600000381469727,19.700000762939453,19.899999618530273,19.899999618530273,210181
2023-07-24,20.100000381469727,20.200000762939453,19.700000762939453,19.899999618530273,19.899999618530273,168523
2023-07-25,19.850000381469727,21.0,19.75,20.799999237060547,20.799999237060547,302019
2023-07-26,20.950000762939453,21.350000381469727,20.399999618530273,20.450000762939453,20.450000762939453,245748
2023-07-27,20.0,20.600000381469727,19.899999618530273,19.950000762939453,19.950000762939453,240959
2023-07-28,19.950000762939453,20.25,19.5,19.600000381469727,19.600000381469727,293928
2023-07-31,19.600000381469727,20.0,19.600000381469727,19.700000762939453,19.700000762939453,154099
2023-08-01,19.950000762939453,20.600000381469727,19.600000381469727,19.950000762939453,19.950000762939453,406579
2023-08-02,19.850000381469727,20.200000762939453,19.600000381469727,19.799999237060547,19.799999237060547,251100
2023-08-03,19.950000762939453,21.0,19.799999237060547,20.450000762939453,20.450000762939453,615462
2023-08-04,21.0,21.600000381469727,20.549999237060547,21.100000381469727,21.100000381469727,1173753
2023-08-07,21.649999618530273,21.700000762939453,21.049999237060547,21.25,21.25,504346
2023-08-08,21.350000381469727,21.450000762939453,20.549999237060547,21.049999237060547,21.049999237060547,605332
2023-08-09,20.0,20.200000762939453,19.049999237060547,19.649999618530273,19.649999618530273,1145059
2023-08-10,19.799999237060547,19.950000762939453,19.5,19.700000762939453,19.700000762939453,250623
2023-08-11,19.950000762939453,19.950000762939453,18.399999618530273,18.700000762939453,18.700000762939453,878237
2023-08-14,18.899999618530273,18.950000762939453,17.649999618530273,18.100000381469727,18.100000381469727,577001
2023-08-16,18.350000381469727,18.799999237060547,17.799999237060547,18.649999618530273,18.649999618530273,433374
2023-08-17,18.75,18.799999237060547,18.399999618530273,18.450000762939453,18.450000762939453,217287
2023-08-18,18.549999237060547,18.549999237060547,17.799999237060547,18.25,18.25,317193
2023-08-21,18.5,19.399999618530273,18.399999618530273,19.299999237060547,19.299999237060547,841857
2023-08-22,19.600000381469727,19.600000381469727,19.149999618530273,19.350000381469727,19.350000381469727,283148
2023-08-23,19.549999237060547,19.600000381469727,19.350000381469727,19.450000762939453,19.450000762939453,213330
2023-08-24,19.649999618530273,20.0,19.200000762939453,19.299999237060547,19.299999237060547,459757
2023-08-25,19.350000381469727,19.5,19.100000381469727,19.149999618530273,19.149999618530273,137626
2023-08-28,19.200000762939453,19.450000762939453,18.5,18.75,18.75,428742
2023-08-29,18.899999618530273,19.200000762939453,18.899999618530273,19.0,19.0,156571
2023-08-30,19.0,19.299999237060547,18.850000381469727,19.049999237060547,19.049999237060547,484920
2023-08-31,19.200000762939453,19.200000762939453,18.75,18.950000762939453,18.950000762939453,196533
2023-09-01,19.100000381469727,21.0,18.899999618530273,20.350000381469727,20.350000381469727,1997378
2023-09-04,20.899999618530273,21.0,20.399999618530273,20.5,20.5,492175
2023-09-05,20.600000381469727,21.350000381469727,20.399999618530273,20.649999618530273,20.649999618530273,1377664
2023-09-06,20.649999618530273,21.5,20.399999618530273,21.299999237060547,21.299999237060547,767859
2023-09-07,21.5,22.850000381469727,21.100000381469727,22.25,22.25,3377164
2023-09-08,22.5,22.700000762939453,20.799999237060547,21.549999237060547,21.549999237060547,1036617
2023-09-11,21.549999237060547,21.899999618530273,21.0,21.25,21.25,548566
2023-09-12,20.700000762939453,21.25,19.649999618530273,19.899999618530273,19.899999618530273,931097
2023-09-13,20.25,20.600000381469727,19.549999237060547,20.100000381469727,20.100000381469727,371837
2023-09-14,20.299999237060547,20.850000381469727,20.100000381469727,20.200000762939453,20.200000762939453,352646
2023-09-15,20.299999237060547,20.600000381469727,20.200000762939453,20.350000381469727,20.350000381469727,300146
2023-09-18,20.450000762939453,20.649999618530273,20.0,20.049999237060547,20.049999237060547,251890
2023-09-20,20.149999618530273,20.200000762939453,19.700000762939453,19.899999618530273,19.899999618530273,233282
2023-09-21,19.600000381469727,20.149999618530273,19.600000381469727,19.950000762939453,19.950000762939453,247784
2023-09-22,20.149999618530273,20.450000762939453,19.600000381469727,20.200000762939453,20.200000762939453,504291
2023-09-25,20.399999618530273,20.399999618530273,19.899999618530273,19.950000762939453,19.950000762939453,231415
2023-09-26,19.950000762939453,20.0,19.649999618530273,19.75,19.75,237359
2023-09-27,19.799999237060547,21.649999618530273,19.5,21.25,21.25,1615185
2023-09-28,22.200000762939453,22.399999618530273,21.049999237060547,21.350000381469727,21.350000381469727,1001479
2023-09-29,21.399999618530273,21.5,20.649999618530273,20.899999618530273,20.899999618530273,443107
2023-10-03,20.950000762939453,21.200000762939453,20.600000381469727,20.75,20.75,316426
2023-10-04,20.649999618530273,20.850000381469727,20.0,20.200000762939453,20.200000762939453,410909
2023-10-05,20.5,20.700000762939453,20.149999618530273,20.25,20.25,228443
2023-10-06,20.25,20.5,20.200000762939453,20.299999237060547,20.299999237060547,200921
2023-10-09,20.200000762939453,20.25,19.600000381469727,19.75,19.75,420802
2023-10-10,19.700000762939453,20.350000381469727,19.700000762939453,20.149999618530273,20.149999618530273,383329
2023-10-11,20.5,20.950000762939453,20.299999237060547,20.600000381469727,20.600000381469727,450942
2023-10-12,20.850000381469727,20.850000381469727,20.299999237060547,20.600000381469727,20.600000381469727,306927
2023-10-13,21.0,21.200000762939453,20.450000762939453,20.700000762939453,20.700000762939453,540964
2023-10-16,20.950000762939453,22.75,20.75,22.0,22.0,2167922
2023-10-17,22.350000381469727,22.5,21.549999237060547,21.700000762939453,21.700000762939453,1125828
2023-10-18,21.799999237060547,22.049999237060547,20.75,21.0,21.0,587911
2023-10-19,21.100000381469727,21.799999237060547,20.850000381469727,21.5,21.5,394589
2023-10-20,21.25,21.700000762939453,21.049999237060547,21.200000762939453,21.200000762939453,405706
2023-10-23,21.200000762939453,21.350000381469727,19.549999237060547,19.700000762939453,19.700000762939453,674158
2023-10-25,20.100000381469727,20.100000381469727,18.299999237060547,18.950000762939453,18.950000762939453,678876
2023-10-26,19.049999237060547,19.399999618530273,18.450000762939453,19.149999618530273,19.149999618530273,315014
2023-10-27,19.149999618530273,19.75,19.149999618530273,19.450000762939453,19.450000762939453,289770
2023-10-30,19.649999618530273,19.799999237060547,19.299999237060547,19.450000762939453,19.450000762939453,249423
2023-10-31,19.25,19.899999618530273,19.25,19.600000381469727,19.600000381469727,170057
2023-11-01,19.700000762939453,19.75,19.200000762939453,19.299999237060547,19.299999237060547,190425
2023-11-02,19.5,19.600000381469727,19.200000762939453,19.299999237060547,19.299999237060547,185179
2023-11-03,19.350000381469727,20.799999237060547,19.350000381469727,20.100000381469727,20.100000381469727,567768
2023-11-06,20.350000381469727,21.0,20.25,20.549999237060547,20.549999237060547,458602
2023-11-07,20.700000762939453,20.75,20.149999618530273,20.5,20.5,315784
2023-11-08,20.700000762939453,21.100000381469727,20.5,20.899999618530273,20.899999618530273,302231
2023-11-09,21.0,21.100000381469727,20.399999618530273,20.5,20.5,171949
2023-11-10,19.75,20.100000381469727,19.399999618530273,19.75,19.75,474863
2023-11-13,20.0,20.0,19.600000381469727,19.75,19.75,234457
2023-11-15,19.950000762939453,20.200000762939453,19.75,19.799999237060547,19.799999237060547,285469
2023-11-16,19.950000762939453,20.0,19.399999618530273,19.649999618530273,19.649999618530273,291252
2023-11-17,19.799999237060547,20.0,19.5,19.700000762939453,19.700000762939453,236834
2023-11-20,19.549999237060547,21.399999618530273,19.399999618530273,21.149999618530273,21.149999618530273,2034580
2023-11-21,21.350000381469727,22.350000381469727,21.299999237060547,22.0,22.0,2597051
2023-11-22,22.0,22.0,21.0,21.25,21.25,571065
2023-11-23,21.350000381469727,22.0,21.0,21.700000762939453,21.700000762939453,500559
2023-11-24,21.899999618530273,22.100000381469727,21.299999237060547,21.399999618530273,21.399999618530273,456653
2023-11-28,21.399999618530273,21.649999618530273,20.700000762939453,20.799999237060547,20.799999237060547,360403
2023-11-29,20.799999237060547,21.0,20.350000381469727,20.549999237060547,20.549999237060547,282587
2023-11-30,20.549999237060547,20.799999237060547,20.049999237060547,20.25,20.25,323038
2023-12-01,20.5,20.649999618530273,20.100000381469727,20.200000762939453,20.200000762939453,261267
2023-12-04,20.600000381469727,20.75,20.299999237060547,20.450000762939453,20.450000762939453,254621
2023-12-05,20.5,20.549999237060547,20.049999237060547,20.200000762939453,20.200000762939453,336387
2023-12-06,20.299999237060547,20.399999618530273,20.049999237060547,20.100000381469727,20.100000381469727,359449
2023-12-07,20.25,21.0,19.950000762939453,20.450000762939453,20.450000762939453,629356
2023-12-08,20.5,21.899999618530273,20.399999618530273,20.899999618530273,20.899999618530273,835208
2023-12-11,21.049999237060547,21.399999618530273,20.5,20.700000762939453,20.700000762939453,473535
2023-12-12,20.850000381469727,20.950000762939453,20.350000381469727,20.450000762939453,20.450000762939453,353861
2023-12-13,20.549999237060547,20.600000381469727,20.200000762939453,20.350000381469727,20.350000381469727,207854
2023-12-14,20.350000381469727,20.549999237060547,20.100000381469727,20.200000762939453,20.200000762939453,423605
2023-12-15,20.350000381469727,20.799999237060547,20.100000381469727,20.549999237060547,20.549999237060547,630323
2023-12-18,20.549999237060547,20.649999618530273,20.200000762939453,20.299999237060547,20.299999237060547,301255
2023-12-19,20.299999237060547,21.450000762939453,20.299999237060547,20.850000381469727,20.850000381469727,1089387
2023-12-20,21.0,21.0,19.700000762939453,19.799999237060547,19.799999237060547,611079
2023-12-21,19.799999237060547,20.149999618530273,19.5,20.0,20.0,658955
2023-12-22,20.299999237060547,20.5,20.049999237060547,20.100000381469727,20.100000381469727,457100
2023-12-26,20.049999237060547,20.299999237060547,19.950000762939453,20.200000762939453,20.200000762939453,286341
2023-12-27,20.399999618530273,20.549999237060547,20.149999618530273,20.299999237060547,20.299999237060547,257511
2023-12-28,20.299999237060547,21.25,20.200000762939453,20.75,20.75,619756
2023-12-29,20.950000762939453,20.950000762939453,20.549999237060547,20.600000381469727,20.600000381469727,315815
2024-01-01,20.799999237060547,21.0,20.5,20.649999618530273,20.649999618530273,338059
2024-01-02,20.950000762939453,21.0,20.149999618530273,20.649999618530273,20.649999618530273,611738
2024-01-03,20.850000381469727,22.649999618530273,20.549999237060547,21.549999237060547,21.549999237060547,3528089
2024-01-04,21.799999237060547,22.600000381469727,21.649999618530273,22.100000381469727,22.100000381469727,2349581
2024-01-05,22.549999237060547,24.399999618530273,22.0,23.850000381469727,23.850000381469727,4818676
2024-01-08,25.5,28.600000381469727,25.149999618530273,28.600000381469727,28.600000381469727,12785480
2024-01-09,31.350000381469727,32.400001525878906,26.5,26.75,26.75,12253972
2024-01-10,27.0,27.850000381469727,26.5,26.799999237060547,26.799999237060547,1710323
2024-01-11,27.0,27.399999618530273,25.5,26.0,26.0,1314143
2024-01-12,26.299999237060547,27.100000381469727,25.600000381469727,25.850000381469727,25.850000381469727,1082763
2024-01-15,26.0,26.049999237060547,24.799999237060547,25.450000762939453,25.450000762939453,1186103
2024-01-16,25.850000381469727,26.0,24.5,25.200000762939453,25.200000762939453,645613
2024-01-17,25.0,26.0,23.899999618530273,24.350000381469727,24.350000381469727,684063
2024-01-18,24.350000381469727,25.799999237060547,23.850000381469727,25.350000381469727,25.350000381469727,1344579
2024-01-19,25.350000381469727,27.450000762939453,25.100000381469727,26.299999237060547,26.299999237060547,1926888
2024-01-23,25.850000381469727,26.700000762939453,24.149999618530273,24.600000381469727,24.600000381469727,1113867
2024-01-24,25.0,25.549999237060547,24.399999618530273,24.649999618530273,24.649999618530273,672784
2024-01-25,25.149999618530273,26.25,24.649999618530273,25.799999237060547,25.799999237060547,741056
2024-01-29,26.049999237060547,26.25,25.0,25.299999237060547,25.299999237060547,1246850
2024-01-30,25.100000381469727,29.5,25.100000381469727,27.549999237060547,27.549999237060547,5385535
2024-01-31,26.25,27.899999618530273,26.200000762939453,26.200000762939453,26.200000762939453,810220
2024-02-01,26.200000762939453,26.5,24.950000762939453,25.549999237060547,25.549999237060547,439759
2024-02-02,25.899999618530273,25.899999618530273,25.100000381469727,25.200000762939453,25.200000762939453,267001
2024-02-05,25.700000762939453,25.700000762939453,23.950000762939453,24.399999618530273,24.399999618530273,433176
2024-02-06,24.399999618530273,25.0,24.0,24.399999618530273,24.399999618530273,373620
2024-02-07,24.850000381469727,24.850000381469727,24.0,24.100000381469727,24.100000381469727,378755
2024-02-08,24.0,25.100000381469727,23.200000762939453,24.950000762939453,24.950000762939453,839890
2024-02-09,25.549999237060547,26.149999618530273,25.299999237060547,26.149999618530273,26.149999618530273,1144758
2024-02-12,26.25,26.25,24.850000381469727,24.850000381469727,24.850000381469727,406499
2024-02-13,24.850000381469727,24.850000381469727,23.600000381469727,23.899999618530273,23.899999618530273,332494
2024-02-14,22.799999237060547,24.049999237060547,22.799999237060547,24.0,24.0,175121
2024-02-15,24.399999618530273,24.399999618530273,22.799999237060547,23.899999618530273,23.899999618530273,335658
2024-02-16,23.75,23.950000762939453,23.0,23.700000762939453,23.700000762939453,164037
2024-02-19,23.75,23.950000762939453,23.0,23.700000762939453,23.700000762939453,176442
2024-02-20,23.700000762939453,23.899999618530273,23.25,23.600000381469727,23.600000381469727,78387
2024-02-21,23.600000381469727,23.799999237060547,22.700000762939453,22.799999237060547,22.799999237060547,273428
2024-02-22,23.299999237060547,23.799999237060547,22.450000762939453,23.700000762939453,23.700000762939453,255320
2024-02-23,24.450000762939453,24.450000762939453,23.399999618530273,23.649999618530273,23.649999618530273,188008
2024-02-26,23.950000762939453,23.950000762939453,23.100000381469727,23.149999618530273,23.149999618530273,127504
2024-02-27,22.649999618530273,23.700000762939453,22.549999237060547,22.75,22.75,174804
2024-02-28,22.5,22.799999237060547,21.649999618530273,21.75,21.75,253303
2024-02-29,22.0,22.399999618530273,20.700000762939453,21.399999618530273,21.399999618530273,201595
2024-03-01,21.399999618530273,21.75,21.399999618530273,21.450000762939453,21.450000762939453,412274
2024-03-04,21.299999237060547,22.0,21.200000762939453,21.649999618530273,21.649999618530273,135060
2024-03-05,21.700000762939453,21.700000762939453,20.799999237060547,21.100000381469727,21.100000381469727,176204
2024-03-06,21.700000762939453,21.700000762939453,20.049999237060547,20.299999237060547,20.299999237060547,309532
2024-03-07,20.200000762939453,20.850000381469727,20.049999237060547,20.350000381469727,20.350000381469727,213960
2024-03-11,21.149999618530273,21.149999618530273,19.5,20.0,20.0,179782
2024-03-12,20.0,20.5,19.0,19.0,19.0,264785
2024-03-13,18.200000762939453,18.899999618530273,18.049999237060547,18.049999237060547,18.049999237060547,337276
2024-03-14,17.600000381469727,18.899999618530273,17.299999237060547,18.649999618530273,18.649999618530273,394937
2024-03-18,18.700000762939453,19.350000381469727,18.5,18.799999237060547,18.799999237060547,500233
2024-03-19,18.5,19.049999237060547,18.100000381469727,18.25,18.25,168007
2024-03-20,18.649999618530273,18.649999618530273,18.0,18.049999237060547,18.049999237060547,122334
2024-03-21,18.549999237060547,18.700000762939453,18.049999237060547,18.149999618530273,18.149999618530273,140993
2024-03-22,18.25,18.899999618530273,17.950000762939453,18.5,18.5,215760
2024-03-26,18.899999618530273,18.899999618530273,18.0,18.049999237060547,18.049999237060547,351613
2024-03-27,18.450000762939453,18.5,17.200000762939453,17.350000381469727,17.350000381469727,323691
2024-03-28,18.0,18.0,16.600000381469727,16.700000762939453,16.700000762939453,728107
2024-04-01,17.5,17.5,17.299999237060547,17.5,17.5,42250
2024-04-02,18.200000762939453,18.350000381469727,18.0,18.350000381469727,18.350000381469727,94206
2024-04-03,18.950000762939453,19.25,18.5,19.25,19.25,242259
2024-04-04,19.899999618530273,20.200000762939453,19.399999618530273,20.200000762939453,20.200000762939453,193145
2024-04-05,20.799999237060547,20.799999237060547,19.799999237060547,20.25,20.25,145505
2024-04-08,20.700000762939453,20.700000762939453,19.549999237060547,19.700000762939453,19.700000762939453,120950
2024-04-09,20.0,20.0,19.299999237060547,19.600000381469727,19.600000381469727,135223
2024-04-10,19.25,20.0,19.25,19.649999618530273,19.649999618530273,83604
2024-04-12,19.850000381469727,19.850000381469727,19.049999237060547,19.25,19.25,169766
2024-04-15,18.75,19.200000762939453,18.299999237060547,18.600000381469727,18.600000381469727,166261
2024-04-16,18.350000381469727,19.100000381469727,18.25,18.950000762939453,18.950000762939453,80995
2024-04-18,18.950000762939453,19.600000381469727,18.649999618530273,19.100000381469727,19.100000381469727,151151
2024-04-19,18.700000762939453,19.25,18.700000762939453,19.149999618530273,19.149999618530273,50492
2024-04-22,19.299999237060547,19.700000762939453,19.100000381469727,19.399999618530273,19.399999618530273,96972
2024-04-23,19.600000381469727,19.75,19.299999237060547,19.549999237060547,19.549999237060547,55700
2024-04-24,19.75,19.850000381469727,19.100000381469727,19.25,19.25,111963
2024-04-25,19.149999618530273,19.450000762939453,19.049999237060547,19.299999237060547,19.299999237060547,102385
2024-04-26,19.200000762939453,19.799999237060547,19.0,19.600000381469727,19.600000381469727,137679
2024-04-29,19.649999618530273,19.899999618530273,19.299999237060547,19.700000762939453,19.700000762939453,93924
2024-04-30,20.0,20.0,19.399999618530273,19.5,19.5,137797
